m, 	 n, 	 a, 		 B, 		 Tb, 		 Mb, 		 COx, 		 POx, 		 TOx, 		 MOx, 		 Tt, 		 Mt
6, 	 384,	 0.50163,	 13.685, 	 135.307, 	 97.573, 	 14.882, 	 0.395, 	 15.278, 	 0.007, 	 150.584, 	 97.579
6, 	 384,	 0.50109,	 13.685, 	 135.398, 	 97.573, 	 14.485, 	 0.398, 	 14.883, 	 0.008, 	 150.281, 	 97.580
6, 	 384,	 0.50055,	 13.685, 	 135.490, 	 97.573, 	 14.087, 	 0.398, 	 14.485, 	 0.009, 	 149.975, 	 97.582
6, 	 384,	 0.50000,	 13.685, 	 135.584, 	 97.573, 	 13.688, 	 0.418, 	 14.106, 	 0.010, 	 149.690, 	 97.583
6, 	 384,	 0.49945,	 13.685, 	 135.678, 	 97.573, 	 13.288, 	 0.441, 	 13.729, 	 0.012, 	 149.407, 	 97.584
6, 	 384,	 0.49891,	 13.685, 	 135.773, 	 97.573, 	 12.889, 	 0.439, 	 13.327, 	 0.013, 	 149.101, 	 97.586
6, 	 384,	 0.49836,	 13.685, 	 135.869, 	 97.573, 	 12.489, 	 0.442, 	 12.930, 	 0.015, 	 148.799, 	 97.588
6, 	 384,	 0.49781,	 13.685, 	 135.965, 	 97.573, 	 12.089, 	 0.445, 	 12.533, 	 0.018, 	 148.499, 	 97.590
6, 	 384,	 0.49727,	 13.685, 	 136.062, 	 97.573, 	 11.688, 	 0.452, 	 12.140, 	 0.020, 	 148.202, 	 97.593
6, 	 384,	 0.49672,	 13.685, 	 136.159, 	 97.573, 	 11.288, 	 0.481, 	 11.769, 	 0.023, 	 147.928, 	 97.596
6, 	 384,	 0.49617,	 13.685, 	 136.257, 	 97.573, 	 10.887, 	 0.490, 	 11.378, 	 0.027, 	 147.634, 	 97.599
6, 	 384,	 0.49562,	 13.685, 	 136.355, 	 97.573, 	 10.487, 	 0.504, 	 10.991, 	 0.031, 	 147.346, 	 97.603
6, 	 384,	 0.49507,	 13.685, 	 136.453, 	 97.573, 	 10.087, 	 0.508, 	 10.595, 	 0.035, 	 147.048, 	 97.608
6, 	 384,	 0.49452,	 13.685, 	 136.552, 	 97.573, 	 9.687, 	 0.510, 	 10.197, 	 0.040, 	 146.749, 	 97.613
6, 	 384,	 0.49397,	 13.685, 	 136.650, 	 97.573, 	 9.287, 	 0.519, 	 9.806, 	 0.046, 	 146.456, 	 97.619
6, 	 384,	 0.49341,	 13.685, 	 136.749, 	 97.573, 	 8.888, 	 0.540, 	 9.428, 	 0.053, 	 146.178, 	 97.626
6, 	 384,	 0.49286,	 13.685, 	 136.848, 	 97.573, 	 8.489, 	 0.541, 	 9.030, 	 0.061, 	 145.878, 	 97.634
6, 	 384,	 0.49231,	 13.685, 	 136.948, 	 97.573, 	 8.090, 	 0.540, 	 8.630, 	 0.070, 	 145.578, 	 97.642
6, 	 384,	 0.49176,	 13.685, 	 137.047, 	 97.573, 	 7.692, 	 0.582, 	 8.274, 	 0.080, 	 145.321, 	 97.652
6, 	 384,	 0.49120,	 13.685, 	 137.147, 	 97.573, 	 7.295, 	 0.591, 	 7.887, 	 0.091, 	 145.034, 	 97.664
6, 	 384,	 0.49065,	 13.685, 	 137.247, 	 97.573, 	 6.899, 	 0.592, 	 7.492, 	 0.104, 	 144.738, 	 97.677
6, 	 384,	 0.49009,	 13.685, 	 137.346, 	 97.573, 	 6.504, 	 0.602, 	 7.106, 	 0.119, 	 144.453, 	 97.692
6, 	 384,	 0.48954,	 13.685, 	 137.446, 	 97.573, 	 6.111, 	 0.630, 	 6.741, 	 0.136, 	 144.187, 	 97.709
6, 	 384,	 0.48898,	 13.685, 	 137.546, 	 97.573, 	 5.719, 	 0.629, 	 6.348, 	 0.155, 	 143.894, 	 97.728
6, 	 384,	 0.48842,	 13.685, 	 137.646, 	 97.573, 	 5.330, 	 0.647, 	 5.978, 	 0.176, 	 143.624, 	 97.749
6, 	 384,	 0.48787,	 13.685, 	 137.746, 	 97.573, 	 4.944, 	 0.639, 	 5.582, 	 0.201, 	 143.329, 	 97.774
6, 	 384,	 0.48731,	 13.685, 	 137.846, 	 97.573, 	 4.561, 	 0.673, 	 5.234, 	 0.228, 	 143.081, 	 97.801
6, 	 384,	 0.48675,	 13.685, 	 137.947, 	 97.573, 	 4.184, 	 0.657, 	 4.840, 	 0.259, 	 142.787, 	 97.832
6, 	 384,	 0.48619,	 13.685, 	 138.047, 	 97.573, 	 3.812, 	 0.696, 	 4.507, 	 0.293, 	 142.554, 	 97.866
6, 	 384,	 0.48563,	 13.685, 	 138.147, 	 97.573, 	 3.448, 	 0.703, 	 4.151, 	 0.332, 	 142.298, 	 97.905
6, 	 384,	 0.48507,	 13.685, 	 138.247, 	 97.573, 	 3.093, 	 0.739, 	 3.831, 	 0.375, 	 142.079, 	 97.948
6, 	 384,	 0.48451,	 13.685, 	 138.348, 	 97.573, 	 2.749, 	 0.734, 	 3.483, 	 0.423, 	 141.831, 	 97.996
6, 	 384,	 0.48395,	 13.685, 	 138.448, 	 97.573, 	 2.420, 	 0.758, 	 3.178, 	 0.476, 	 141.626, 	 98.048
6, 	 384,	 0.48339,	 13.685, 	 138.548, 	 97.573, 	 2.108, 	 0.756, 	 2.864, 	 0.534, 	 141.412, 	 98.107
6, 	 384,	 0.48283,	 13.685, 	 138.649, 	 97.573, 	 1.815, 	 0.801, 	 2.616, 	 0.598, 	 141.265, 	 98.171
6, 	 384,	 0.48227,	 13.685, 	 138.749, 	 97.573, 	 1.544, 	 0.792, 	 2.336, 	 0.668, 	 141.085, 	 98.241
6, 	 384,	 0.48170,	 13.685, 	 138.850, 	 97.573, 	 1.297, 	 0.794, 	 2.091, 	 0.744, 	 140.941, 	 98.317
6, 	 384,	 0.48114,	 13.685, 	 138.950, 	 97.573, 	 1.077, 	 0.801, 	 1.878, 	 0.826, 	 140.828, 	 98.399
6, 	 384,	 0.48058,	 13.685, 	 139.050, 	 97.573, 	 0.883, 	 0.821, 	 1.704, 	 0.916, 	 140.755, 	 98.488
6, 	 384,	 0.48001,	 13.685, 	 139.151, 	 97.573, 	 0.717, 	 0.879, 	 1.595, 	 1.011, 	 140.746, 	 98.584
6, 	 384,	 0.47945,	 13.685, 	 139.251, 	 97.573, 	 0.575, 	 0.868, 	 1.443, 	 1.113, 	 140.695, 	 98.686
6, 	 384,	 0.47888,	 13.685, 	 139.352, 	 97.573, 	 0.458, 	 0.885, 	 1.342, 	 1.222, 	 140.694, 	 98.795
6, 	 384,	 0.47831,	 13.685, 	 139.452, 	 97.573, 	 0.361, 	 0.922, 	 1.283, 	 1.337, 	 140.736, 	 98.910
6, 	 384,	 0.47775,	 13.685, 	 139.553, 	 97.573, 	 0.283, 	 0.936, 	 1.219, 	 1.459, 	 140.772, 	 99.031

6, 	 384,	 0.50326,	 13.851, 	 135.041, 	 97.573, 	 15.235, 	 0.404, 	 15.639, 	 0.009, 	 150.681, 	 97.581
6, 	 384,	 0.50272,	 13.851, 	 135.128, 	 97.573, 	 14.841, 	 0.408, 	 15.249, 	 0.010, 	 150.377, 	 97.583
6, 	 384,	 0.50218,	 13.851, 	 135.217, 	 97.573, 	 14.446, 	 0.423, 	 14.869, 	 0.011, 	 150.086, 	 97.584
6, 	 384,	 0.50163,	 13.851, 	 135.307, 	 97.573, 	 14.049, 	 0.406, 	 14.455, 	 0.013, 	 149.761, 	 97.586
6, 	 384,	 0.50109,	 13.851, 	 135.398, 	 97.573, 	 13.652, 	 0.435, 	 14.086, 	 0.015, 	 149.484, 	 97.588
6, 	 384,	 0.50055,	 13.851, 	 135.490, 	 97.573, 	 13.253, 	 0.440, 	 13.694, 	 0.017, 	 149.184, 	 97.590
6, 	 384,	 0.50000,	 13.851, 	 135.584, 	 97.573, 	 12.855, 	 0.452, 	 13.307, 	 0.020, 	 148.891, 	 97.593
6, 	 384,	 0.49945,	 13.851, 	 135.678, 	 97.573, 	 12.455, 	 0.466, 	 12.921, 	 0.023, 	 148.600, 	 97.596
6, 	 384,	 0.49891,	 13.851, 	 135.773, 	 97.573, 	 12.056, 	 0.459, 	 12.515, 	 0.026, 	 148.288, 	 97.599
6, 	 384,	 0.49836,	 13.851, 	 135.869, 	 97.573, 	 11.656, 	 0.467, 	 12.122, 	 0.030, 	 147.991, 	 97.603
6, 	 384,	 0.49781,	 13.851, 	 135.965, 	 97.573, 	 11.255, 	 0.500, 	 11.755, 	 0.035, 	 147.720, 	 97.608
6, 	 384,	 0.49727,	 13.851, 	 136.062, 	 97.573, 	 10.855, 	 0.489, 	 11.344, 	 0.040, 	 147.406, 	 97.613
6, 	 384,	 0.49672,	 13.851, 	 136.159, 	 97.573, 	 10.455, 	 0.507, 	 10.962, 	 0.046, 	 147.121, 	 97.619
6, 	 384,	 0.49617,	 13.851, 	 136.257, 	 97.573, 	 10.055, 	 0.528, 	 10.583, 	 0.053, 	 146.840, 	 97.626
6, 	 384,	 0.49562,	 13.851, 	 136.355, 	 97.573, 	 9.654, 	 0.530, 	 10.185, 	 0.061, 	 146.539, 	 97.633
6, 	 384,	 0.49507,	 13.851, 	 136.453, 	 97.573, 	 9.255, 	 0.534, 	 9.789, 	 0.069, 	 146.242, 	 97.642
6, 	 384,	 0.49452,	 13.851, 	 136.552, 	 97.573, 	 8.855, 	 0.517, 	 9.372, 	 0.080, 	 145.923, 	 97.652
6, 	 384,	 0.49397,	 13.851, 	 136.650, 	 97.573, 	 8.456, 	 0.563, 	 9.019, 	 0.091, 	 145.669, 	 97.664
6, 	 384,	 0.49341,	 13.851, 	 136.749, 	 97.573, 	 8.057, 	 0.562, 	 8.619, 	 0.104, 	 145.368, 	 97.677
6, 	 384,	 0.49286,	 13.851, 	 136.848, 	 97.573, 	 7.659, 	 0.570, 	 8.228, 	 0.119, 	 145.077, 	 97.692
6, 	 384,	 0.49231,	 13.851, 	 136.948, 	 97.573, 	 7.261, 	 0.612, 	 7.873, 	 0.136, 	 144.821, 	 97.709
6, 	 384,	 0.49176,	 13.851, 	 137.047, 	 97.573, 	 6.865, 	 0.608, 	 7.472, 	 0.155, 	 144.519, 	 97.728
6, 	 384,	 0.49120,	 13.851, 	 137.147, 	 97.573, 	 6.469, 	 0.645, 	 7.114, 	 0.177, 	 144.261, 	 97.750
6, 	 384,	 0.49065,	 13.851, 	 137.247, 	 97.573, 	 6.075, 	 0.631, 	 6.706, 	 0.201, 	 143.953, 	 97.774
6, 	 384,	 0.49009,	 13.851, 	 137.346, 	 97.573, 	 5.683, 	 0.645, 	 6.329, 	 0.229, 	 143.675, 	 97.802
6, 	 384,	 0.48954,	 13.851, 	 137.446, 	 97.573, 	 5.294, 	 0.657, 	 5.951, 	 0.260, 	 143.397, 	 97.833
6, 	 384,	 0.48898,	 13.851, 	 137.546, 	 97.573, 	 4.907, 	 0.689, 	 5.597, 	 0.295, 	 143.143, 	 97.868
6, 	 384,	 0.48842,	 13.851, 	 137.646, 	 97.573, 	 4.525, 	 0.694, 	 5.218, 	 0.334, 	 142.865, 	 97.906
6, 	 384,	 0.48787,	 13.851, 	 137.746, 	 97.573, 	 4.147, 	 0.697, 	 4.844, 	 0.377, 	 142.590, 	 97.950
6, 	 384,	 0.48731,	 13.851, 	 137.846, 	 97.573, 	 3.775, 	 0.710, 	 4.485, 	 0.425, 	 142.331, 	 97.998
6, 	 384,	 0.48675,	 13.851, 	 137.947, 	 97.573, 	 3.411, 	 0.742, 	 4.153, 	 0.478, 	 142.100, 	 98.051
6, 	 384,	 0.48619,	 13.851, 	 138.047, 	 97.573, 	 3.057, 	 0.757, 	 3.813, 	 0.537, 	 141.860, 	 98.110
6, 	 384,	 0.48563,	 13.851, 	 138.147, 	 97.573, 	 2.714, 	 0.790, 	 3.504, 	 0.602, 	 141.651, 	 98.175
6, 	 384,	 0.48507,	 13.851, 	 138.247, 	 97.573, 	 2.386, 	 0.795, 	 3.180, 	 0.672, 	 141.428, 	 98.245
6, 	 384,	 0.48451,	 13.851, 	 138.348, 	 97.573, 	 2.075, 	 0.787, 	 2.862, 	 0.749, 	 141.209, 	 98.322
6, 	 384,	 0.48395,	 13.851, 	 138.448, 	 97.573, 	 1.783, 	 0.826, 	 2.609, 	 0.833, 	 141.057, 	 98.406
6, 	 384,	 0.48339,	 13.851, 	 138.548, 	 97.573, 	 1.515, 	 0.851, 	 2.366, 	 0.923, 	 140.914, 	 98.496
6, 	 384,	 0.48283,	 13.851, 	 138.649, 	 97.573, 	 1.271, 	 0.835, 	 2.105, 	 1.019, 	 140.754, 	 98.592
6, 	 384,	 0.48227,	 13.851, 	 138.749, 	 97.573, 	 1.053, 	 0.859, 	 1.912, 	 1.123, 	 140.661, 	 98.695
6, 	 384,	 0.48170,	 13.851, 	 138.850, 	 97.573, 	 0.862, 	 0.866, 	 1.728, 	 1.232, 	 140.578, 	 98.805
6, 	 384,	 0.48114,	 13.851, 	 138.950, 	 97.573, 	 0.698, 	 0.893, 	 1.592, 	 1.349, 	 140.542, 	 98.921
6, 	 384,	 0.48058,	 13.851, 	 139.050, 	 97.573, 	 0.560, 	 0.911, 	 1.471, 	 1.471, 	 140.522, 	 99.044
6, 	 384,	 0.48001,	 13.851, 	 139.151, 	 97.573, 	 0.445, 	 0.935, 	 1.380, 	 1.600, 	 140.531, 	 99.173
6, 	 384,	 0.47945,	 13.851, 	 139.251, 	 97.573, 	 0.351, 	 0.962, 	 1.312, 	 1.734, 	 140.564, 	 99.307

6, 	 384,	 0.48395,	 14.018, 	 138.448, 	 97.573, 	 1.245, 	 0.874, 	 2.119, 	 1.357, 	 140.567, 	 98.930
6, 	 384,	 0.48339,	 14.018, 	 138.548, 	 97.573, 	 1.030, 	 0.865, 	 1.895, 	 1.481, 	 140.444, 	 99.054
6, 	 384,	 0.48283,	 14.018, 	 138.649, 	 97.573, 	 0.842, 	 0.885, 	 1.727, 	 1.611, 	 140.376, 	 99.183
6, 	 384,	 0.48227,	 14.018, 	 138.749, 	 97.573, 	 0.681, 	 0.928, 	 1.609, 	 1.746, 	 140.358, 	 99.319
6, 	 384,	 0.48170,	 14.018, 	 138.850, 	 97.573, 	 0.545, 	 0.947, 	 1.492, 	 1.887, 	 140.342, 	 99.460
6, 	 384,	 0.48114,	 14.018, 	 138.950, 	 97.573, 	 0.432, 	 0.947, 	 1.380, 	 2.033, 	 140.330, 	 99.606
6, 	 384,	 0.48058,	 14.018, 	 139.050, 	 97.573, 	 0.340, 	 0.977, 	 1.318, 	 2.184, 	 140.368, 	 99.757
6, 	 384,	 0.48001,	 14.018, 	 139.151, 	 97.573, 	 0.266, 	 1.012, 	 1.278, 	 2.340, 	 140.429, 	 99.913

6, 	 384,	 0.48507,	 14.185, 	 138.247, 	 97.573, 	 1.221, 	 0.901, 	 2.122, 	 1.755, 	 140.369, 	 99.328
6, 	 384,	 0.48451,	 14.185, 	 138.348, 	 97.573, 	 1.009, 	 0.932, 	 1.941, 	 1.897, 	 140.288, 	 99.470
6, 	 384,	 0.48395,	 14.185, 	 138.448, 	 97.573, 	 0.823, 	 0.967, 	 1.790, 	 2.044, 	 140.238, 	 99.617
6, 	 384,	 0.48339,	 14.185, 	 138.548, 	 97.573, 	 0.665, 	 0.983, 	 1.647, 	 2.196, 	 140.196, 	 99.769
6, 	 384,	 0.48283,	 14.185, 	 138.649, 	 97.573, 	 0.531, 	 0.944, 	 1.475, 	 2.353, 	 140.123, 	 99.925
6, 	 384,	 0.48227,	 14.185, 	 138.749, 	 97.573, 	 0.421, 	 1.022, 	 1.443, 	 2.513, 	 140.192, 	 100.086
6, 	 384,	 0.48170,	 14.185, 	 138.850, 	 97.573, 	 0.331, 	 1.020, 	 1.351, 	 2.678, 	 140.201, 	 100.250

6, 	 384,	 0.48619,	 14.351, 	 138.047, 	 97.573, 	 1.198, 	 0.929, 	 2.127, 	 2.205, 	 140.174, 	 99.777
6, 	 384,	 0.48563,	 14.351, 	 138.147, 	 97.573, 	 0.988, 	 0.932, 	 1.919, 	 2.362, 	 140.066, 	 99.935
6, 	 384,	 0.48507,	 14.351, 	 138.247, 	 97.573, 	 0.805, 	 0.970, 	 1.775, 	 2.524, 	 140.023, 	 100.096
6, 	 384,	 0.48451,	 14.351, 	 138.348, 	 97.573, 	 0.649, 	 0.993, 	 1.642, 	 2.689, 	 139.989, 	 100.262
6, 	 384,	 0.48395,	 14.351, 	 138.448, 	 97.573, 	 0.518, 	 0.989, 	 1.506, 	 2.858, 	 139.954, 	 100.431
6, 	 384,	 0.48339,	 14.351, 	 138.548, 	 97.573, 	 0.410, 	 1.009, 	 1.419, 	 3.029, 	 139.967, 	 100.602
6, 	 384,	 0.48283,	 14.351, 	 138.649, 	 97.573, 	 0.322, 	 1.056, 	 1.378, 	 3.204, 	 140.026, 	 100.777

6, 	 384,	 0.48787,	 14.518, 	 137.746, 	 97.573, 	 1.410, 	 0.947, 	 2.358, 	 2.530, 	 140.104, 	 100.103
6, 	 384,	 0.48731,	 14.518, 	 137.846, 	 97.573, 	 1.176, 	 0.959, 	 2.134, 	 2.697, 	 139.981, 	 100.269
6, 	 384,	 0.48675,	 14.518, 	 137.947, 	 97.573, 	 0.968, 	 0.967, 	 1.935, 	 2.866, 	 139.882, 	 100.439
6, 	 384,	 0.48619,	 14.518, 	 138.047, 	 97.573, 	 0.788, 	 0.996, 	 1.784, 	 3.039, 	 139.830, 	 100.612
6, 	 384,	 0.48563,	 14.518, 	 138.147, 	 97.573, 	 0.634, 	 1.028, 	 1.662, 	 3.214, 	 139.809, 	 100.787
6, 	 384,	 0.48507,	 14.518, 	 138.247, 	 97.573, 	 0.505, 	 1.053, 	 1.559, 	 3.392, 	 139.806, 	 100.965
6, 	 384,	 0.48451,	 14.518, 	 138.348, 	 97.573, 	 0.399, 	 1.038, 	 1.437, 	 3.573, 	 139.784, 	 101.145
6, 	 384,	 0.48395,	 14.518, 	 138.448, 	 97.573, 	 0.313, 	 1.081, 	 1.394, 	 3.755, 	 139.842, 	 101.327
6, 	 384,	 0.48339,	 14.518, 	 138.548, 	 97.573, 	 0.244, 	 1.097, 	 1.341, 	 3.938, 	 139.890, 	 101.511

6, 	 384,	 0.48898,	 14.685, 	 137.546, 	 97.573, 	 1.387, 	 0.982, 	 2.369, 	 3.045, 	 139.915, 	 100.618
6, 	 384,	 0.48842,	 14.685, 	 137.646, 	 97.573, 	 1.154, 	 0.972, 	 2.126, 	 3.221, 	 139.772, 	 100.794
6, 	 384,	 0.48787,	 14.685, 	 137.746, 	 97.573, 	 0.949, 	 1.030, 	 1.979, 	 3.400, 	 139.725, 	 100.973
6, 	 384,	 0.48731,	 14.685, 	 137.846, 	 97.573, 	 0.771, 	 1.027, 	 1.798, 	 3.581, 	 139.645, 	 101.154
6, 	 384,	 0.48675,	 14.685, 	 137.947, 	 97.573, 	 0.620, 	 1.070, 	 1.690, 	 3.764, 	 139.637, 	 101.337
6, 	 384,	 0.48619,	 14.685, 	 138.047, 	 97.573, 	 0.493, 	 1.071, 	 1.565, 	 3.948, 	 139.611, 	 101.521
6, 	 384,	 0.48563,	 14.685, 	 138.147, 	 97.573, 	 0.389, 	 1.077, 	 1.467, 	 4.135, 	 139.614, 	 101.707
6, 	 384,	 0.48507,	 14.685, 	 138.247, 	 97.573, 	 0.305, 	 1.108, 	 1.413, 	 4.322, 	 139.660, 	 101.895

6, 	 384,	 0.49009,	 14.851, 	 137.346, 	 97.573, 	 1.364, 	 1.019, 	 2.383, 	 3.585, 	 139.730, 	 101.158
6, 	 384,	 0.48954,	 14.851, 	 137.446, 	 97.573, 	 1.134, 	 1.005, 	 2.139, 	 3.769, 	 139.586, 	 101.342
6, 	 384,	 0.48898,	 14.851, 	 137.546, 	 97.573, 	 0.931, 	 1.032, 	 1.963, 	 3.955, 	 139.509, 	 101.527
6, 	 384,	 0.48842,	 14.851, 	 137.646, 	 97.573, 	 0.755, 	 1.056, 	 1.811, 	 4.142, 	 139.457, 	 101.714
6, 	 384,	 0.48787,	 14.851, 	 137.746, 	 97.573, 	 0.606, 	 1.100, 	 1.706, 	 4.330, 	 139.452, 	 101.903
6, 	 384,	 0.48731,	 14.851, 	 137.846, 	 97.573, 	 0.482, 	 1.107, 	 1.589, 	 4.519, 	 139.435, 	 102.092
6, 	 384,	 0.48675,	 14.851, 	 137.947, 	 97.573, 	 0.380, 	 1.143, 	 1.523, 	 4.710, 	 139.469, 	 102.283
6, 	 384,	 0.48619,	 14.851, 	 138.047, 	 97.573, 	 0.297, 	 1.164, 	 1.461, 	 4.901, 	 139.508, 	 102.474

6, 	 384,	 0.49120,	 15.018, 	 137.147, 	 97.573, 	 1.343, 	 1.061, 	 2.403, 	 4.144, 	 139.550, 	 101.717
6, 	 384,	 0.49065,	 15.018, 	 137.247, 	 97.573, 	 1.114, 	 1.057, 	 2.172, 	 4.334, 	 139.418, 	 101.906
6, 	 384,	 0.49009,	 15.018, 	 137.346, 	 97.573, 	 0.914, 	 1.041, 	 1.954, 	 4.524, 	 139.301, 	 102.097
6, 	 384,	 0.48954,	 15.018, 	 137.446, 	 97.573, 	 0.740, 	 1.128, 	 1.868, 	 4.715, 	 139.315, 	 102.288
6, 	 384,	 0.48898,	 15.018, 	 137.546, 	 97.573, 	 0.593, 	 1.085, 	 1.678, 	 4.907, 	 139.224, 	 102.480
6, 	 384,	 0.48842,	 15.018, 	 137.646, 	 97.573, 	 0.471, 	 1.157, 	 1.628, 	 5.100, 	 139.274, 	 102.673
6, 	 384,	 0.48787,	 15.018, 	 137.746, 	 97.573, 	 0.371, 	 1.153, 	 1.524, 	 5.294, 	 139.270, 	 102.866

6, 	 384,	 0.49231,	 15.185, 	 136.948, 	 97.573, 	 1.322, 	 1.066, 	 2.388, 	 4.716, 	 139.336, 	 102.289
6, 	 384,	 0.49176,	 15.185, 	 137.047, 	 97.573, 	 1.096, 	 1.080, 	 2.176, 	 4.909, 	 139.223, 	 102.482
6, 	 384,	 0.49120,	 15.185, 	 137.147, 	 97.573, 	 0.897, 	 1.105, 	 2.002, 	 5.103, 	 139.149, 	 102.676
6, 	 384,	 0.49065,	 15.185, 	 137.247, 	 97.573, 	 0.726, 	 1.133, 	 1.859, 	 5.297, 	 139.106, 	 102.870
6, 	 384,	 0.49009,	 15.185, 	 137.346, 	 97.573, 	 0.581, 	 1.158, 	 1.739, 	 5.492, 	 139.086, 	 103.065
6, 	 384,	 0.48954,	 15.185, 	 137.446, 	 97.573, 	 0.461, 	 1.166, 	 1.627, 	 5.687, 	 139.073, 	 103.260
6, 	 384,	 0.48898,	 15.185, 	 137.546, 	 97.573, 	 0.362, 	 1.223, 	 1.585, 	 5.883, 	 139.131, 	 103.456
6, 	 384,	 0.48842,	 15.185, 	 137.646, 	 97.573, 	 0.283, 	 1.226, 	 1.509, 	 6.079, 	 139.155, 	 103.652

6, 	 384,	 0.49341,	 15.351, 	 136.749, 	 97.573, 	 1.302, 	 1.101, 	 2.402, 	 5.297, 	 139.152, 	 102.870
6, 	 384,	 0.49286,	 15.351, 	 136.848, 	 97.573, 	 1.078, 	 1.111, 	 2.189, 	 5.493, 	 139.037, 	 103.065
6, 	 384,	 0.49231,	 15.351, 	 136.948, 	 97.573, 	 0.881, 	 1.126, 	 2.007, 	 5.689, 	 138.955, 	 103.261
6, 	 384,	 0.49176,	 15.351, 	 137.047, 	 97.573, 	 0.712, 	 1.172, 	 1.884, 	 5.885, 	 138.931, 	 103.458
6, 	 384,	 0.49120,	 15.351, 	 137.147, 	 97.573, 	 0.569, 	 1.194, 	 1.764, 	 6.082, 	 138.910, 	 103.655
6, 	 384,	 0.49065,	 15.351, 	 137.247, 	 97.573, 	 0.451, 	 1.271, 	 1.722, 	 6.279, 	 138.969, 	 103.852
6, 	 384,	 0.49009,	 15.351, 	 137.346, 	 97.573, 	 0.354, 	 1.195, 	 1.549, 	 6.476, 	 138.895, 	 104.049
6, 	 384,	 0.48954,	 15.351, 	 137.446, 	 97.573, 	 0.276, 	 1.254, 	 1.531, 	 6.673, 	 138.977, 	 104.246
6, 	 384,	 0.48898,	 15.351, 	 137.546, 	 97.573, 	 0.214, 	 1.306, 	 1.520, 	 6.871, 	 139.066, 	 104.444

6, 	 384,	 0.49452,	 15.518, 	 136.552, 	 97.573, 	 1.282, 	 1.144, 	 2.426, 	 5.883, 	 138.978, 	 103.456
6, 	 384,	 0.49397,	 15.518, 	 136.650, 	 97.573, 	 1.060, 	 1.144, 	 2.204, 	 6.081, 	 138.855, 	 103.653
6, 	 384,	 0.49341,	 15.518, 	 136.749, 	 97.573, 	 0.866, 	 1.210, 	 2.076, 	 6.278, 	 138.826, 	 103.851
6, 	 384,	 0.49286,	 15.518, 	 136.848, 	 97.573, 	 0.699, 	 1.207, 	 1.906, 	 6.476, 	 138.755, 	 104.049
6, 	 384,	 0.49231,	 15.518, 	 136.948, 	 97.573, 	 0.558, 	 1.241, 	 1.800, 	 6.675, 	 138.748, 	 104.247
6, 	 384,	 0.49176,	 15.518, 	 137.047, 	 97.573, 	 0.442, 	 1.246, 	 1.688, 	 6.873, 	 138.735, 	 104.446
6, 	 384,	 0.49120,	 15.518, 	 137.147, 	 97.573, 	 0.347, 	 1.277, 	 1.623, 	 7.071, 	 138.770, 	 104.644
6, 	 384,	 0.49065,	 15.518, 	 137.247, 	 97.573, 	 0.270, 	 1.342, 	 1.612, 	 7.270, 	 138.859, 	 104.842

6, 	 384,	 0.49562,	 15.685, 	 136.355, 	 97.573, 	 1.263, 	 1.196, 	 2.460, 	 6.473, 	 138.814, 	 104.045
6, 	 384,	 0.49507,	 15.685, 	 136.453, 	 97.573, 	 1.043, 	 1.213, 	 2.257, 	 6.672, 	 138.710, 	 104.244
6, 	 384,	 0.49452,	 15.685, 	 136.552, 	 97.573, 	 0.851, 	 1.219, 	 2.070, 	 6.871, 	 138.621, 	 104.444
6, 	 384,	 0.49397,	 15.685, 	 136.650, 	 97.573, 	 0.686, 	 1.246, 	 1.932, 	 7.070, 	 138.583, 	 104.643
6, 	 384,	 0.49341,	 15.685, 	 136.749, 	 97.573, 	 0.548, 	 1.319, 	 1.866, 	 7.269, 	 138.616, 	 104.842
6, 	 384,	 0.49286,	 15.685, 	 136.848, 	 97.573, 	 0.433, 	 1.294, 	 1.727, 	 7.468, 	 138.576, 	 105.041
6, 	 384,	 0.49231,	 15.685, 	 136.948, 	 97.573, 	 0.339, 	 1.355, 	 1.694, 	 7.668, 	 138.642, 	 105.240
6, 	 384,	 0.49176,	 15.685, 	 137.047, 	 97.573, 	 0.264, 	 1.337, 	 1.601, 	 7.867, 	 138.648, 	 105.440

6, 	 384,	 0.49672,	 15.851, 	 136.159, 	 97.573, 	 1.245, 	 1.269, 	 2.513, 	 7.064, 	 138.672, 	 104.637
6, 	 384,	 0.49617,	 15.851, 	 136.257, 	 97.573, 	 1.027, 	 1.236, 	 2.263, 	 7.264, 	 138.520, 	 104.837
6, 	 384,	 0.49562,	 15.851, 	 136.355, 	 97.573, 	 0.837, 	 1.242, 	 2.079, 	 7.464, 	 138.433, 	 105.037
6, 	 384,	 0.49507,	 15.851, 	 136.453, 	 97.573, 	 0.674, 	 1.284, 	 1.958, 	 7.665, 	 138.411, 	 105.237
6, 	 384,	 0.49452,	 15.851, 	 136.552, 	 97.573, 	 0.537, 	 1.311, 	 1.848, 	 7.865, 	 138.400, 	 105.437
6, 	 384,	 0.49397,	 15.851, 	 136.650, 	 97.573, 	 0.424, 	 1.369, 	 1.793, 	 8.065, 	 138.444, 	 105.637
6, 	 384,	 0.49341,	 15.851, 	 136.749, 	 97.573, 	 0.332, 	 1.354, 	 1.687, 	 8.264, 	 138.436, 	 105.837

6, 	 384,	 0.49781,	 16.018, 	 135.965, 	 97.573, 	 1.226, 	 1.238, 	 2.464, 	 7.657, 	 138.429, 	 105.230
6, 	 384,	 0.49727,	 16.018, 	 136.062, 	 97.573, 	 1.011, 	 1.266, 	 2.277, 	 7.858, 	 138.339, 	 105.431
6, 	 384,	 0.49672,	 16.018, 	 136.159, 	 97.573, 	 0.823, 	 1.232, 	 2.054, 	 8.059, 	 138.213, 	 105.632
6, 	 384,	 0.49617,	 16.018, 	 136.257, 	 97.573, 	 0.662, 	 1.300, 	 1.962, 	 8.260, 	 138.219, 	 105.833
6, 	 384,	 0.49562,	 16.018, 	 136.355, 	 97.573, 	 0.527, 	 1.377, 	 1.904, 	 8.460, 	 138.259, 	 106.033

6, 	 384,	 0.49891,	 16.185, 	 135.773, 	 97.573, 	 1.207, 	 1.327, 	 2.534, 	 8.251, 	 138.307, 	 105.824
6, 	 384,	 0.49836,	 16.185, 	 135.869, 	 97.573, 	 0.994, 	 1.300, 	 2.294, 	 8.452, 	 138.163, 	 106.025
6, 	 384,	 0.49781,	 16.185, 	 135.965, 	 97.573, 	 0.809, 	 1.317, 	 2.125, 	 8.654, 	 138.090, 	 106.227
6, 	 384,	 0.49727,	 16.185, 	 136.062, 	 97.573, 	 0.650, 	 1.377, 	 2.028, 	 8.855, 	 138.089, 	 106.428
6, 	 384,	 0.49672,	 16.185, 	 136.159, 	 97.573, 	 0.517, 	 1.393, 	 1.910, 	 9.056, 	 138.069, 	 106.629
6, 	 384,	 0.49617,	 16.185, 	 136.257, 	 97.573, 	 0.408, 	 1.469, 	 1.877, 	 9.257, 	 138.134, 	 106.830
6, 	 384,	 0.49562,	 16.185, 	 136.355, 	 97.573, 	 0.319, 	 1.442, 	 1.761, 	 9.458, 	 138.116, 	 107.031

6, 	 384,	 0.50000,	 16.351, 	 135.584, 	 97.573, 	 1.188, 	 1.327, 	 2.515, 	 8.844, 	 138.099, 	 106.417
6, 	 384,	 0.49945,	 16.351, 	 135.678, 	 97.573, 	 0.978, 	 1.313, 	 2.291, 	 9.047, 	 137.969, 	 106.619
6, 	 384,	 0.49891,	 16.351, 	 135.773, 	 97.573, 	 0.795, 	 1.390, 	 2.184, 	 9.248, 	 137.957, 	 106.821
6, 	 384,	 0.49836,	 16.351, 	 135.869, 	 97.573, 	 0.639, 	 1.396, 	 2.035, 	 9.450, 	 137.904, 	 107.023
6, 	 384,	 0.49781,	 16.351, 	 135.965, 	 97.573, 	 0.508, 	 1.445, 	 1.953, 	 9.652, 	 137.918, 	 107.225
6, 	 384,	 0.49727,	 16.351, 	 136.062, 	 97.573, 	 0.400, 	 1.457, 	 1.857, 	 9.854, 	 137.919, 	 107.426

6, 	 384,	 0.50109,	 16.518, 	 135.398, 	 97.573, 	 1.168, 	 1.348, 	 2.516, 	 9.438, 	 137.914, 	 107.011
6, 	 384,	 0.50055,	 16.518, 	 135.490, 	 97.573, 	 0.961, 	 1.421, 	 2.381, 	 9.640, 	 137.872, 	 107.213
6, 	 384,	 0.50000,	 16.518, 	 135.584, 	 97.573, 	 0.780, 	 1.459, 	 2.239, 	 9.843, 	 137.823, 	 107.416
6, 	 384,	 0.49945,	 16.518, 	 135.678, 	 97.573, 	 0.627, 	 1.443, 	 2.070, 	 10.045, 	 137.748, 	 107.618
6, 	 384,	 0.49891,	 16.518, 	 135.773, 	 97.573, 	 0.498, 	 1.471, 	 1.969, 	 10.247, 	 137.742, 	 107.820
6, 	 384,	 0.49836,	 16.518, 	 135.869, 	 97.573, 	 0.392, 	 1.518, 	 1.910, 	 10.449, 	 137.779, 	 108.022
6, 	 384,	 0.49781,	 16.518, 	 135.965, 	 97.573, 	 0.307, 	 1.541, 	 1.848, 	 10.651, 	 137.813, 	 108.224

6, 	 384,	 0.50272,	 16.685, 	 135.128, 	 97.573, 	 1.376, 	 1.389, 	 2.765, 	 9.828, 	 137.893, 	 107.401
6, 	 384,	 0.50218,	 16.685, 	 135.217, 	 97.573, 	 1.146, 	 1.416, 	 2.563, 	 10.031, 	 137.779, 	 107.604
6, 	 384,	 0.50163,	 16.685, 	 135.307, 	 97.573, 	 0.942, 	 1.449, 	 2.391, 	 10.234, 	 137.698, 	 107.807
6, 	 384,	 0.50109,	 16.685, 	 135.398, 	 97.573, 	 0.765, 	 1.505, 	 2.270, 	 10.437, 	 137.668, 	 108.010
6, 	 384,	 0.50055,	 16.685, 	 135.490, 	 97.573, 	 0.614, 	 1.511, 	 2.126, 	 10.640, 	 137.616, 	 108.212
6, 	 384,	 0.50000,	 16.685, 	 135.584, 	 97.573, 	 0.488, 	 1.514, 	 2.003, 	 10.842, 	 137.586, 	 108.415
6, 	 384,	 0.49945,	 16.685, 	 135.678, 	 97.573, 	 0.384, 	 1.572, 	 1.957, 	 11.044, 	 137.635, 	 108.617
6, 	 384,	 0.49891,	 16.685, 	 135.773, 	 97.573, 	 0.300, 	 1.612, 	 1.912, 	 11.247, 	 137.685, 	 108.819

6, 	 384,	 0.50381,	 16.851, 	 134.956, 	 97.573, 	 1.348, 	 1.452, 	 2.800, 	 10.420, 	 137.756, 	 107.993
6, 	 384,	 0.50326,	 16.851, 	 135.041, 	 97.573, 	 1.122, 	 1.415, 	 2.537, 	 10.624, 	 137.579, 	 108.197
6, 	 384,	 0.50272,	 16.851, 	 135.128, 	 97.573, 	 0.923, 	 1.519, 	 2.442, 	 10.827, 	 137.570, 	 108.400
6, 	 384,	 0.50218,	 16.851, 	 135.217, 	 97.573, 	 0.749, 	 1.487, 	 2.236, 	 11.030, 	 137.453, 	 108.603
6, 	 384,	 0.50163,	 16.851, 	 135.307, 	 97.573, 	 0.601, 	 1.522, 	 2.124, 	 11.233, 	 137.431, 	 108.806
6, 	 384,	 0.50109,	 16.851, 	 135.398, 	 97.573, 	 0.478, 	 1.500, 	 1.978, 	 11.436, 	 137.376, 	 109.009
6, 	 384,	 0.50055,	 16.851, 	 135.490, 	 97.573, 	 0.376, 	 1.575, 	 1.951, 	 11.639, 	 137.442, 	 109.212
6, 	 384,	 0.50000,	 16.851, 	 135.584, 	 97.573, 	 0.294, 	 1.624, 	 1.918, 	 11.842, 	 137.502, 	 109.415

6, 	 384,	 0.50489,	 17.018, 	 134.793, 	 97.573, 	 1.316, 	 1.481, 	 2.796, 	 11.012, 	 137.589, 	 108.585
6, 	 384,	 0.50435,	 17.018, 	 134.873, 	 97.573, 	 1.096, 	 1.495, 	 2.590, 	 11.216, 	 137.464, 	 108.789
6, 	 384,	 0.50381,	 17.018, 	 134.956, 	 97.573, 	 0.901, 	 1.536, 	 2.437, 	 11.420, 	 137.394, 	 108.993
6, 	 384,	 0.50326,	 17.018, 	 135.041, 	 97.573, 	 0.732, 	 1.527, 	 2.258, 	 11.623, 	 137.300, 	 109.196
6, 	 384,	 0.50272,	 17.018, 	 135.128, 	 97.573, 	 0.588, 	 1.527, 	 2.115, 	 11.827, 	 137.243, 	 109.400
6, 	 384,	 0.50218,	 17.018, 	 135.217, 	 97.573, 	 0.467, 	 1.633, 	 2.100, 	 12.030, 	 137.317, 	 109.603
6, 	 384,	 0.50163,	 17.018, 	 135.307, 	 97.573, 	 0.368, 	 1.607, 	 1.975, 	 12.233, 	 137.282, 	 109.806

6, 	 384,	 0.50543,	 17.185, 	 134.715, 	 97.573, 	 1.065, 	 1.520, 	 2.586, 	 11.808, 	 137.301, 	 109.381
6, 	 384,	 0.50489,	 17.185, 	 134.793, 	 97.573, 	 0.876, 	 1.562, 	 2.439, 	 12.012, 	 137.232, 	 109.585
6, 	 384,	 0.50435,	 17.185, 	 134.873, 	 97.573, 	 0.712, 	 1.605, 	 2.317, 	 12.216, 	 137.191, 	 109.789
6, 	 384,	 0.50381,	 17.185, 	 134.956, 	 97.573, 	 0.572, 	 1.601, 	 2.173, 	 12.420, 	 137.129, 	 109.992
6, 	 384,	 0.50326,	 17.185, 	 135.041, 	 97.573, 	 0.455, 	 1.660, 	 2.115, 	 12.623, 	 137.157, 	 110.196
6, 	 384,	 0.50272,	 17.185, 	 135.128, 	 97.573, 	 0.359, 	 1.671, 	 2.030, 	 12.827, 	 137.158, 	 110.399

6, 	 384,	 0.50651,	 17.351, 	 134.568, 	 97.573, 	 1.030, 	 1.599, 	 2.629, 	 12.399, 	 137.197, 	 109.972
6, 	 384,	 0.50597,	 17.351, 	 134.640, 	 97.573, 	 0.848, 	 1.579, 	 2.427, 	 12.603, 	 137.067, 	 110.176
6, 	 384,	 0.50543,	 17.351, 	 134.715, 	 97.573, 	 0.690, 	 1.604, 	 2.294, 	 12.808, 	 137.009, 	 110.380
6, 	 384,	 0.50489,	 17.351, 	 134.793, 	 97.573, 	 0.555, 	 1.696, 	 2.250, 	 13.012, 	 137.043, 	 110.585
6, 	 384,	 0.50435,	 17.351, 	 134.873, 	 97.573, 	 0.442, 	 1.699, 	 2.141, 	 13.216, 	 137.014, 	 110.789

6, 	 384,	 0.50759,	 17.518, 	 134.437, 	 97.573, 	 0.989, 	 1.625, 	 2.614, 	 12.989, 	 137.051, 	 110.562
6, 	 384,	 0.50705,	 17.518, 	 134.501, 	 97.573, 	 0.815, 	 1.639, 	 2.455, 	 13.194, 	 136.955, 	 110.767
6, 	 384,	 0.50651,	 17.518, 	 134.568, 	 97.573, 	 0.664, 	 1.670, 	 2.334, 	 13.399, 	 136.903, 	 110.972
6, 	 384,	 0.50597,	 17.518, 	 134.640, 	 97.573, 	 0.535, 	 1.743, 	 2.278, 	 13.603, 	 136.918, 	 111.176
6, 	 384,	 0.50543,	 17.518, 	 134.715, 	 97.573, 	 0.427, 	 1.703, 	 2.129, 	 13.808, 	 136.844, 	 111.380
6, 	 384,	 0.50489,	 17.518, 	 134.793, 	 97.573, 	 0.337, 	 1.770, 	 2.107, 	 14.012, 	 136.900, 	 111.584
6, 	 384,	 0.50435,	 17.518, 	 134.873, 	 97.573, 	 0.264, 	 1.824, 	 2.088, 	 14.216, 	 136.962, 	 111.788

6, 	 384,	 0.50866,	 17.685, 	 134.323, 	 97.573, 	 0.941, 	 1.667, 	 2.609, 	 13.579, 	 136.931, 	 111.152
6, 	 384,	 0.50813,	 17.685, 	 134.377, 	 97.573, 	 0.778, 	 1.680, 	 2.458, 	 13.784, 	 136.835, 	 111.357
6, 	 384,	 0.50759,	 17.685, 	 134.437, 	 97.573, 	 0.635, 	 1.697, 	 2.332, 	 13.989, 	 136.769, 	 111.562
6, 	 384,	 0.50705,	 17.685, 	 134.501, 	 97.573, 	 0.512, 	 1.774, 	 2.286, 	 14.194, 	 136.787, 	 111.767
6, 	 384,	 0.50651,	 17.685, 	 134.568, 	 97.573, 	 0.410, 	 1.788, 	 2.198, 	 14.399, 	 136.766, 	 111.972
6, 	 384,	 0.50597,	 17.685, 	 134.640, 	 97.573, 	 0.324, 	 1.842, 	 2.166, 	 14.603, 	 136.806, 	 112.176
6, 	 384,	 0.50543,	 17.685, 	 134.715, 	 97.573, 	 0.255, 	 1.798, 	 2.053, 	 14.807, 	 136.768, 	 112.380

6, 	 384,	 0.50974,	 17.851, 	 134.230, 	 97.573, 	 0.886, 	 1.689, 	 2.575, 	 14.168, 	 136.805, 	 111.741
6, 	 384,	 0.50920,	 17.851, 	 134.274, 	 97.573, 	 0.734, 	 1.792, 	 2.526, 	 14.374, 	 136.799, 	 111.947
6, 	 384,	 0.50866,	 17.851, 	 134.323, 	 97.573, 	 0.601, 	 1.849, 	 2.450, 	 14.579, 	 136.773, 	 112.152
6, 	 384,	 0.50813,	 17.851, 	 134.377, 	 97.573, 	 0.486, 	 1.833, 	 2.320, 	 14.784, 	 136.697, 	 112.357
6, 	 384,	 0.50759,	 17.851, 	 134.437, 	 97.573, 	 0.390, 	 1.859, 	 2.249, 	 14.989, 	 136.686, 	 112.562
6, 	 384,	 0.50705,	 17.851, 	 134.501, 	 97.573, 	 0.310, 	 1.793, 	 2.103, 	 15.194, 	 136.603, 	 112.767
6, 	 384,	 0.50651,	 17.851, 	 134.568, 	 97.573, 	 0.244, 	 1.939, 	 2.183, 	 15.399, 	 136.751, 	 112.971
6, 	 384,	 0.50597,	 17.851, 	 134.640, 	 97.573, 	 0.191, 	 2.023, 	 2.213, 	 15.603, 	 136.854, 	 113.176

6, 	 384,	 0.50974,	 18.018, 	 134.230, 	 97.573, 	 0.562, 	 1.877, 	 2.438, 	 15.168, 	 136.668, 	 112.741
6, 	 384,	 0.50920,	 18.018, 	 134.274, 	 97.573, 	 0.456, 	 1.853, 	 2.309, 	 15.374, 	 136.583, 	 112.947
6, 	 384,	 0.50866,	 18.018, 	 134.323, 	 97.573, 	 0.367, 	 1.896, 	 2.263, 	 15.579, 	 136.586, 	 113.152
6, 	 384,	 0.50813,	 18.018, 	 134.377, 	 97.573, 	 0.293, 	 1.959, 	 2.251, 	 15.784, 	 136.629, 	 113.357

6, 	 384,	 0.51134,	 18.185, 	 134.137, 	 97.573, 	 0.628, 	 1.830, 	 2.458, 	 15.551, 	 136.596, 	 113.124
6, 	 384,	 0.51081,	 18.185, 	 134.162, 	 97.573, 	 0.518, 	 1.862, 	 2.380, 	 15.757, 	 136.542, 	 113.330
6, 	 384,	 0.51027,	 18.185, 	 134.193, 	 97.573, 	 0.423, 	 1.907, 	 2.330, 	 15.963, 	 136.523, 	 113.536
6, 	 384,	 0.50974,	 18.185, 	 134.230, 	 97.573, 	 0.342, 	 1.976, 	 2.317, 	 16.168, 	 136.547, 	 113.741
6, 	 384,	 0.50920,	 18.185, 	 134.274, 	 97.573, 	 0.274, 	 2.023, 	 2.297, 	 16.374, 	 136.570, 	 113.947

6, 	 384,	 0.51241,	 18.351, 	 134.110, 	 97.573, 	 0.567, 	 1.888, 	 2.456, 	 16.139, 	 136.566, 	 113.711
6, 	 384,	 0.51188,	 18.351, 	 134.120, 	 97.573, 	 0.470, 	 1.986, 	 2.456, 	 16.345, 	 136.576, 	 113.918
6, 	 384,	 0.51134,	 18.351, 	 134.137, 	 97.573, 	 0.385, 	 1.979, 	 2.365, 	 16.551, 	 136.502, 	 114.124
6, 	 384,	 0.51081,	 18.351, 	 134.162, 	 97.573, 	 0.313, 	 2.043, 	 2.356, 	 16.757, 	 136.517, 	 114.330
6, 	 384,	 0.51027,	 18.351, 	 134.193, 	 97.573, 	 0.252, 	 2.041, 	 2.294, 	 16.963, 	 136.486, 	 114.536
6, 	 384,	 0.50974,	 18.351, 	 134.230, 	 97.573, 	 0.202, 	 2.062, 	 2.264, 	 17.168, 	 136.494, 	 114.741
6, 	 384,	 0.50920,	 18.351, 	 134.274, 	 97.573, 	 0.160, 	 2.132, 	 2.292, 	 17.374, 	 136.566, 	 114.947

6, 	 384,	 0.51295,	 18.518, 	 134.108, 	 97.573, 	 0.419, 	 1.985, 	 2.403, 	 16.932, 	 136.511, 	 114.505
6, 	 384,	 0.51241,	 18.518, 	 134.110, 	 97.573, 	 0.345, 	 2.029, 	 2.374, 	 17.139, 	 136.484, 	 114.711
6, 	 384,	 0.51188,	 18.518, 	 134.120, 	 97.573, 	 0.282, 	 2.086, 	 2.368, 	 17.345, 	 136.489, 	 114.918
6, 	 384,	 0.51134,	 18.518, 	 134.137, 	 97.573, 	 0.229, 	 2.080, 	 2.309, 	 17.551, 	 136.446, 	 115.124
6, 	 384,	 0.51081,	 18.518, 	 134.162, 	 97.573, 	 0.184, 	 2.135, 	 2.319, 	 17.757, 	 136.480, 	 115.330
6, 	 384,	 0.51027,	 18.518, 	 134.193, 	 97.573, 	 0.147, 	 2.212, 	 2.359, 	 17.963, 	 136.551, 	 115.536

6, 	 384,	 0.51401,	 18.685, 	 134.125, 	 97.573, 	 0.366, 	 2.053, 	 2.419, 	 17.519, 	 136.544, 	 115.092
6, 	 384,	 0.51348,	 18.685, 	 134.113, 	 97.573, 	 0.303, 	 2.091, 	 2.394, 	 17.725, 	 136.507, 	 115.298
6, 	 384,	 0.51295,	 18.685, 	 134.108, 	 97.573, 	 0.250, 	 2.100, 	 2.350, 	 17.932, 	 136.458, 	 115.505
6, 	 384,	 0.51241,	 18.685, 	 134.110, 	 97.573, 	 0.204, 	 2.140, 	 2.344, 	 18.139, 	 136.454, 	 115.711
6, 	 384,	 0.51188,	 18.685, 	 134.120, 	 97.573, 	 0.165, 	 2.145, 	 2.311, 	 18.345, 	 136.431, 	 115.918
6, 	 384,	 0.51134,	 18.685, 	 134.137, 	 97.573, 	 0.133, 	 2.225, 	 2.358, 	 18.551, 	 136.495, 	 116.124
6, 	 384,	 0.51081,	 18.685, 	 134.162, 	 97.573, 	 0.106, 	 2.274, 	 2.380, 	 18.757, 	 136.542, 	 116.330

6, 	 384,	 0.51348,	 18.851, 	 134.113, 	 97.573, 	 0.178, 	 2.219, 	 2.397, 	 18.725, 	 136.510, 	 116.298
6, 	 384,	 0.51295,	 18.851, 	 134.108, 	 97.573, 	 0.145, 	 2.239, 	 2.384, 	 18.932, 	 136.492, 	 116.505
6, 	 384,	 0.51241,	 18.851, 	 134.110, 	 97.573, 	 0.118, 	 2.383, 	 2.501, 	 19.139, 	 136.612, 	 116.711
6, 	 384,	 0.51188,	 18.851, 	 134.120, 	 97.573, 	 0.095, 	 2.334, 	 2.429, 	 19.345, 	 136.549, 	 116.918

6, 	 384,	 0.51454,	 19.018, 	 134.145, 	 97.573, 	 0.152, 	 2.267, 	 2.420, 	 19.312, 	 136.565, 	 116.885
6, 	 384,	 0.51401,	 19.018, 	 134.125, 	 97.573, 	 0.125, 	 2.319, 	 2.445, 	 19.519, 	 136.570, 	 117.092
6, 	 384,	 0.51348,	 19.018, 	 134.113, 	 97.573, 	 0.103, 	 2.381, 	 2.484, 	 19.725, 	 136.597, 	 117.298

6, 	 384,	 0.51613,	 19.185, 	 134.249, 	 97.573, 	 0.154, 	 2.245, 	 2.399, 	 19.690, 	 136.648, 	 117.263
6, 	 384,	 0.51560,	 19.185, 	 134.207, 	 97.573, 	 0.128, 	 2.399, 	 2.527, 	 19.897, 	 136.735, 	 117.470
6, 	 384,	 0.51507,	 19.185, 	 134.173, 	 97.573, 	 0.106, 	 2.448, 	 2.555, 	 20.105, 	 136.728, 	 117.678

6, 	 384,	 0.51772,	 19.351, 	 134.411, 	 97.573, 	 0.149, 	 2.338, 	 2.487, 	 20.067, 	 136.898, 	 117.640
6, 	 384,	 0.51719,	 19.351, 	 134.351, 	 97.573, 	 0.126, 	 2.334, 	 2.460, 	 20.275, 	 136.811, 	 117.848
6, 	 384,	 0.51666,	 19.351, 	 134.297, 	 97.573, 	 0.106, 	 2.458, 	 2.563, 	 20.482, 	 136.860, 	 118.055
6, 	 384,	 0.51613,	 19.351, 	 134.249, 	 97.573, 	 0.088, 	 2.487, 	 2.575, 	 20.690, 	 136.824, 	 118.263

