m, 	 n, 	 a, 		 B, 		 Tb, 		 Mb, 		 COx, 		 POx, 		 TOx, 		 MOx, 		 Tt, 		 Mt
8, 	 384,	 0.50163,	 10.264, 	 135.307, 	 97.573, 	 11.614, 	 0.778, 	 12.392, 	 0.007, 	 147.699, 	 97.579
8, 	 384,	 0.50109,	 10.264, 	 135.398, 	 97.573, 	 11.216, 	 0.805, 	 12.022, 	 0.008, 	 147.420, 	 97.580
8, 	 384,	 0.50055,	 10.264, 	 135.490, 	 97.573, 	 10.818, 	 0.798, 	 11.616, 	 0.009, 	 147.107, 	 97.582
8, 	 384,	 0.50000,	 10.264, 	 135.584, 	 97.573, 	 10.420, 	 0.836, 	 11.255, 	 0.010, 	 146.839, 	 97.583
8, 	 384,	 0.49945,	 10.264, 	 135.678, 	 97.573, 	 10.021, 	 0.824, 	 10.845, 	 0.012, 	 146.523, 	 97.584
8, 	 384,	 0.49891,	 10.264, 	 135.773, 	 97.573, 	 9.621, 	 0.852, 	 10.473, 	 0.013, 	 146.246, 	 97.586
8, 	 384,	 0.49836,	 10.264, 	 135.869, 	 97.573, 	 9.222, 	 0.874, 	 10.096, 	 0.015, 	 145.965, 	 97.588
8, 	 384,	 0.49781,	 10.264, 	 135.965, 	 97.573, 	 8.822, 	 0.888, 	 9.710, 	 0.018, 	 145.675, 	 97.590
8, 	 384,	 0.49727,	 10.264, 	 136.062, 	 97.573, 	 8.423, 	 0.912, 	 9.334, 	 0.020, 	 145.396, 	 97.593
8, 	 384,	 0.49672,	 10.264, 	 136.159, 	 97.573, 	 8.024, 	 0.948, 	 8.972, 	 0.023, 	 145.131, 	 97.596
8, 	 384,	 0.49617,	 10.264, 	 136.257, 	 97.573, 	 7.625, 	 0.936, 	 8.560, 	 0.027, 	 144.817, 	 97.599
8, 	 384,	 0.49562,	 10.264, 	 136.355, 	 97.573, 	 7.227, 	 0.974, 	 8.201, 	 0.031, 	 144.555, 	 97.603
8, 	 384,	 0.49507,	 10.264, 	 136.453, 	 97.573, 	 6.829, 	 0.939, 	 7.768, 	 0.035, 	 144.221, 	 97.608
8, 	 384,	 0.49452,	 10.264, 	 136.552, 	 97.573, 	 6.433, 	 0.976, 	 7.408, 	 0.040, 	 143.960, 	 97.613
8, 	 384,	 0.49397,	 10.264, 	 136.650, 	 97.573, 	 6.038, 	 0.999, 	 7.036, 	 0.046, 	 143.687, 	 97.619
8, 	 384,	 0.49341,	 10.264, 	 136.749, 	 97.573, 	 5.645, 	 0.976, 	 6.621, 	 0.053, 	 143.370, 	 97.626
8, 	 384,	 0.49286,	 10.264, 	 136.848, 	 97.573, 	 5.254, 	 1.019, 	 6.272, 	 0.061, 	 143.121, 	 97.634
8, 	 384,	 0.49231,	 10.264, 	 136.948, 	 97.573, 	 4.866, 	 1.036, 	 5.902, 	 0.070, 	 142.850, 	 97.642
8, 	 384,	 0.49176,	 10.264, 	 137.047, 	 97.573, 	 4.482, 	 1.059, 	 5.541, 	 0.080, 	 142.588, 	 97.652
8, 	 384,	 0.49120,	 10.264, 	 137.147, 	 97.573, 	 4.103, 	 1.090, 	 5.194, 	 0.091, 	 142.341, 	 97.664
8, 	 384,	 0.49065,	 10.264, 	 137.247, 	 97.573, 	 3.731, 	 1.121, 	 4.852, 	 0.104, 	 142.098, 	 97.677
8, 	 384,	 0.49009,	 10.264, 	 137.346, 	 97.573, 	 3.366, 	 1.099, 	 4.466, 	 0.119, 	 141.812, 	 97.692
8, 	 384,	 0.48954,	 10.264, 	 137.446, 	 97.573, 	 3.012, 	 1.119, 	 4.131, 	 0.136, 	 141.577, 	 97.709
8, 	 384,	 0.48898,	 10.264, 	 137.546, 	 97.573, 	 2.669, 	 1.153, 	 3.822, 	 0.155, 	 141.368, 	 97.728
8, 	 384,	 0.48842,	 10.264, 	 137.646, 	 97.573, 	 2.342, 	 1.172, 	 3.513, 	 0.176, 	 141.160, 	 97.749
8, 	 384,	 0.48787,	 10.264, 	 137.746, 	 97.573, 	 2.032, 	 1.193, 	 3.225, 	 0.201, 	 140.971, 	 97.774
8, 	 384,	 0.48731,	 10.264, 	 137.846, 	 97.573, 	 1.742, 	 1.169, 	 2.911, 	 0.228, 	 140.757, 	 97.801
8, 	 384,	 0.48675,	 10.264, 	 137.947, 	 97.573, 	 1.476, 	 1.228, 	 2.704, 	 0.259, 	 140.650, 	 97.832
8, 	 384,	 0.48619,	 10.264, 	 138.047, 	 97.573, 	 1.234, 	 1.240, 	 2.475, 	 0.293, 	 140.522, 	 97.866
8, 	 384,	 0.48563,	 10.264, 	 138.147, 	 97.573, 	 1.020, 	 1.245, 	 2.265, 	 0.332, 	 140.412, 	 97.905
8, 	 384,	 0.48507,	 10.264, 	 138.247, 	 97.573, 	 0.833, 	 1.283, 	 2.116, 	 0.375, 	 140.363, 	 97.948
8, 	 384,	 0.48451,	 10.264, 	 138.348, 	 97.573, 	 0.672, 	 1.325, 	 1.997, 	 0.423, 	 140.345, 	 97.996
8, 	 384,	 0.48395,	 10.264, 	 138.448, 	 97.573, 	 0.537, 	 1.341, 	 1.879, 	 0.476, 	 140.327, 	 98.048
8, 	 384,	 0.48339,	 10.264, 	 138.548, 	 97.573, 	 0.426, 	 1.333, 	 1.759, 	 0.534, 	 140.307, 	 98.107
8, 	 384,	 0.48283,	 10.264, 	 138.649, 	 97.573, 	 0.335, 	 1.395, 	 1.730, 	 0.598, 	 140.378, 	 98.171
8, 	 384,	 0.48227,	 10.264, 	 138.749, 	 97.573, 	 0.261, 	 1.379, 	 1.641, 	 0.668, 	 140.390, 	 98.241

8, 	 384,	 0.50326,	 10.389, 	 135.041, 	 97.573, 	 11.925, 	 0.773, 	 12.697, 	 0.009, 	 147.739, 	 97.581
8, 	 384,	 0.50272,	 10.389, 	 135.128, 	 97.573, 	 11.531, 	 0.800, 	 12.331, 	 0.010, 	 147.459, 	 97.583
8, 	 384,	 0.50218,	 10.389, 	 135.217, 	 97.573, 	 11.135, 	 0.796, 	 11.932, 	 0.011, 	 147.149, 	 97.584
8, 	 384,	 0.50163,	 10.389, 	 135.307, 	 97.573, 	 10.739, 	 0.831, 	 11.570, 	 0.013, 	 146.877, 	 97.586
8, 	 384,	 0.50109,	 10.389, 	 135.398, 	 97.573, 	 10.342, 	 0.837, 	 11.178, 	 0.015, 	 146.576, 	 97.588
8, 	 384,	 0.50055,	 10.389, 	 135.490, 	 97.573, 	 9.944, 	 0.841, 	 10.785, 	 0.017, 	 146.275, 	 97.590
8, 	 384,	 0.50000,	 10.389, 	 135.584, 	 97.573, 	 9.545, 	 0.882, 	 10.427, 	 0.020, 	 146.011, 	 97.593
8, 	 384,	 0.49945,	 10.389, 	 135.678, 	 97.573, 	 9.147, 	 0.890, 	 10.037, 	 0.023, 	 145.715, 	 97.596
8, 	 384,	 0.49891,	 10.389, 	 135.773, 	 97.573, 	 8.748, 	 0.913, 	 9.661, 	 0.026, 	 145.434, 	 97.599
8, 	 384,	 0.49836,	 10.389, 	 135.869, 	 97.573, 	 8.349, 	 0.952, 	 9.301, 	 0.030, 	 145.170, 	 97.603
8, 	 384,	 0.49781,	 10.389, 	 135.965, 	 97.573, 	 7.950, 	 0.930, 	 8.880, 	 0.035, 	 144.845, 	 97.608
8, 	 384,	 0.49727,	 10.389, 	 136.062, 	 97.573, 	 7.551, 	 0.958, 	 8.509, 	 0.040, 	 144.571, 	 97.613
8, 	 384,	 0.49672,	 10.389, 	 136.159, 	 97.573, 	 7.153, 	 0.973, 	 8.126, 	 0.046, 	 144.285, 	 97.619
8, 	 384,	 0.49617,	 10.389, 	 136.257, 	 97.573, 	 6.756, 	 0.986, 	 7.742, 	 0.053, 	 143.999, 	 97.626
8, 	 384,	 0.49562,	 10.389, 	 136.355, 	 97.573, 	 6.360, 	 1.029, 	 7.389, 	 0.061, 	 143.744, 	 97.633
8, 	 384,	 0.49507,	 10.389, 	 136.453, 	 97.573, 	 5.965, 	 1.043, 	 7.008, 	 0.069, 	 143.461, 	 97.642
8, 	 384,	 0.49452,	 10.389, 	 136.552, 	 97.573, 	 5.572, 	 1.018, 	 6.590, 	 0.080, 	 143.142, 	 97.652
8, 	 384,	 0.49397,	 10.389, 	 136.650, 	 97.573, 	 5.181, 	 1.062, 	 6.243, 	 0.091, 	 142.893, 	 97.664
8, 	 384,	 0.49341,	 10.389, 	 136.749, 	 97.573, 	 4.793, 	 1.085, 	 5.878, 	 0.104, 	 142.628, 	 97.677
8, 	 384,	 0.49286,	 10.389, 	 136.848, 	 97.573, 	 4.410, 	 1.090, 	 5.500, 	 0.119, 	 142.349, 	 97.692
8, 	 384,	 0.49231,	 10.389, 	 136.948, 	 97.573, 	 4.032, 	 1.120, 	 5.152, 	 0.136, 	 142.100, 	 97.709
8, 	 384,	 0.49176,	 10.389, 	 137.047, 	 97.573, 	 3.660, 	 1.152, 	 4.812, 	 0.155, 	 141.859, 	 97.728
8, 	 384,	 0.49120,	 10.389, 	 137.147, 	 97.573, 	 3.297, 	 1.146, 	 4.443, 	 0.177, 	 141.590, 	 97.750
8, 	 384,	 0.49065,	 10.389, 	 137.247, 	 97.573, 	 2.944, 	 1.140, 	 4.084, 	 0.201, 	 141.330, 	 97.774
8, 	 384,	 0.49009,	 10.389, 	 137.346, 	 97.573, 	 2.604, 	 1.177, 	 3.781, 	 0.229, 	 141.127, 	 97.802
8, 	 384,	 0.48954,	 10.389, 	 137.446, 	 97.573, 	 2.279, 	 1.189, 	 3.468, 	 0.260, 	 140.914, 	 97.833
8, 	 384,	 0.48898,	 10.389, 	 137.546, 	 97.573, 	 1.972, 	 1.231, 	 3.203, 	 0.295, 	 140.749, 	 97.868
8, 	 384,	 0.48842,	 10.389, 	 137.646, 	 97.573, 	 1.686, 	 1.236, 	 2.922, 	 0.334, 	 140.568, 	 97.906
8, 	 384,	 0.48787,	 10.389, 	 137.746, 	 97.573, 	 1.424, 	 1.236, 	 2.661, 	 0.377, 	 140.407, 	 97.950
8, 	 384,	 0.48731,	 10.389, 	 137.846, 	 97.573, 	 1.188, 	 1.286, 	 2.474, 	 0.425, 	 140.321, 	 97.998
8, 	 384,	 0.48675,	 10.389, 	 137.947, 	 97.573, 	 0.979, 	 1.282, 	 2.261, 	 0.478, 	 140.208, 	 98.051
8, 	 384,	 0.48619,	 10.389, 	 138.047, 	 97.573, 	 0.797, 	 1.316, 	 2.113, 	 0.537, 	 140.160, 	 98.110
8, 	 384,	 0.48563,	 10.389, 	 138.147, 	 97.573, 	 0.642, 	 1.328, 	 1.970, 	 0.602, 	 140.117, 	 98.175
8, 	 384,	 0.48507,	 10.389, 	 138.247, 	 97.573, 	 0.512, 	 1.343, 	 1.855, 	 0.672, 	 140.102, 	 98.245
8, 	 384,	 0.48451,	 10.389, 	 138.348, 	 97.573, 	 0.405, 	 1.413, 	 1.818, 	 0.749, 	 140.166, 	 98.322
8, 	 384,	 0.48395,	 10.389, 	 138.448, 	 97.573, 	 0.317, 	 1.379, 	 1.696, 	 0.833, 	 140.144, 	 98.406

8, 	 384,	 0.48898,	 10.514, 	 137.546, 	 97.573, 	 1.375, 	 1.283, 	 2.658, 	 0.539, 	 140.205, 	 98.112
8, 	 384,	 0.48842,	 10.514, 	 137.646, 	 97.573, 	 1.144, 	 1.289, 	 2.433, 	 0.604, 	 140.079, 	 98.177
8, 	 384,	 0.48787,	 10.514, 	 137.746, 	 97.573, 	 0.940, 	 1.347, 	 2.287, 	 0.676, 	 140.033, 	 98.248
8, 	 384,	 0.48731,	 10.514, 	 137.846, 	 97.573, 	 0.763, 	 1.355, 	 2.118, 	 0.753, 	 139.964, 	 98.326
8, 	 384,	 0.48675,	 10.514, 	 137.947, 	 97.573, 	 0.613, 	 1.421, 	 2.034, 	 0.837, 	 139.980, 	 98.410
8, 	 384,	 0.48619,	 10.514, 	 138.047, 	 97.573, 	 0.488, 	 1.436, 	 1.924, 	 0.928, 	 139.971, 	 98.501

8, 	 384,	 0.49009,	 10.639, 	 137.346, 	 97.573, 	 1.327, 	 1.298, 	 2.625, 	 0.755, 	 139.971, 	 98.328
8, 	 384,	 0.48954,	 10.639, 	 137.446, 	 97.573, 	 1.101, 	 1.363, 	 2.464, 	 0.840, 	 139.910, 	 98.412
8, 	 384,	 0.48898,	 10.639, 	 137.546, 	 97.573, 	 0.902, 	 1.402, 	 2.305, 	 0.931, 	 139.851, 	 98.504
8, 	 384,	 0.48842,	 10.639, 	 137.646, 	 97.573, 	 0.731, 	 1.402, 	 2.133, 	 1.029, 	 139.779, 	 98.602
8, 	 384,	 0.48787,	 10.639, 	 137.746, 	 97.573, 	 0.586, 	 1.426, 	 2.011, 	 1.134, 	 139.758, 	 98.707
8, 	 384,	 0.48731,	 10.639, 	 137.846, 	 97.573, 	 0.465, 	 1.459, 	 1.923, 	 1.245, 	 139.770, 	 98.818
8, 	 384,	 0.48675,	 10.639, 	 137.947, 	 97.573, 	 0.366, 	 1.490, 	 1.856, 	 1.363, 	 139.802, 	 98.936

8, 	 384,	 0.49120,	 10.764, 	 137.147, 	 97.573, 	 1.282, 	 1.342, 	 2.623, 	 1.031, 	 139.770, 	 98.603
8, 	 384,	 0.49065,	 10.764, 	 137.247, 	 97.573, 	 1.060, 	 1.386, 	 2.446, 	 1.136, 	 139.692, 	 98.709
8, 	 384,	 0.49009,	 10.764, 	 137.346, 	 97.573, 	 0.866, 	 1.382, 	 2.249, 	 1.248, 	 139.595, 	 98.821
8, 	 384,	 0.48954,	 10.764, 	 137.446, 	 97.573, 	 0.700, 	 1.460, 	 2.160, 	 1.367, 	 139.606, 	 98.940
8, 	 384,	 0.48898,	 10.764, 	 137.546, 	 97.573, 	 0.560, 	 1.474, 	 2.034, 	 1.492, 	 139.580, 	 99.065
8, 	 384,	 0.48842,	 10.764, 	 137.646, 	 97.573, 	 0.443, 	 1.485, 	 1.928, 	 1.623, 	 139.575, 	 99.196
8, 	 384,	 0.48787,	 10.764, 	 137.746, 	 97.573, 	 0.348, 	 1.492, 	 1.841, 	 1.761, 	 139.587, 	 99.334
8, 	 384,	 0.48731,	 10.764, 	 137.846, 	 97.573, 	 0.272, 	 1.533, 	 1.805, 	 1.904, 	 139.652, 	 99.476

8, 	 384,	 0.49286,	 10.889, 	 136.848, 	 97.573, 	 1.481, 	 1.355, 	 2.836, 	 1.248, 	 139.684, 	 98.821
8, 	 384,	 0.49231,	 10.889, 	 136.948, 	 97.573, 	 1.237, 	 1.424, 	 2.662, 	 1.368, 	 139.609, 	 98.940
8, 	 384,	 0.49176,	 10.889, 	 137.047, 	 97.573, 	 1.021, 	 1.458, 	 2.479, 	 1.493, 	 139.526, 	 99.066
8, 	 384,	 0.49120,	 10.889, 	 137.147, 	 97.573, 	 0.832, 	 1.432, 	 2.264, 	 1.626, 	 139.411, 	 99.198
8, 	 384,	 0.49065,	 10.889, 	 137.247, 	 97.573, 	 0.671, 	 1.477, 	 2.148, 	 1.763, 	 139.394, 	 99.336
8, 	 384,	 0.49009,	 10.889, 	 137.346, 	 97.573, 	 0.535, 	 1.502, 	 2.037, 	 1.907, 	 139.384, 	 99.480
8, 	 384,	 0.48954,	 10.889, 	 137.446, 	 97.573, 	 0.423, 	 1.550, 	 1.973, 	 2.056, 	 139.419, 	 99.629
8, 	 384,	 0.48898,	 10.889, 	 137.546, 	 97.573, 	 0.332, 	 1.561, 	 1.893, 	 2.210, 	 139.439, 	 99.783

8, 	 384,	 0.49341,	 11.014, 	 136.749, 	 97.573, 	 1.194, 	 1.447, 	 2.641, 	 1.763, 	 139.390, 	 99.336
8, 	 384,	 0.49286,	 11.014, 	 136.848, 	 97.573, 	 0.983, 	 1.477, 	 2.460, 	 1.907, 	 139.308, 	 99.480
8, 	 384,	 0.49231,	 11.014, 	 136.948, 	 97.573, 	 0.799, 	 1.466, 	 2.266, 	 2.057, 	 139.213, 	 99.630
8, 	 384,	 0.49176,	 11.014, 	 137.047, 	 97.573, 	 0.643, 	 1.553, 	 2.196, 	 2.211, 	 139.243, 	 99.784
8, 	 384,	 0.49120,	 11.014, 	 137.147, 	 97.573, 	 0.511, 	 1.545, 	 2.057, 	 2.370, 	 139.204, 	 99.943
8, 	 384,	 0.49065,	 11.014, 	 137.247, 	 97.573, 	 0.403, 	 1.578, 	 1.981, 	 2.534, 	 139.228, 	 100.106
8, 	 384,	 0.49009,	 11.014, 	 137.346, 	 97.573, 	 0.316, 	 1.586, 	 1.902, 	 2.701, 	 139.249, 	 100.274

8, 	 384,	 0.49507,	 11.139, 	 136.453, 	 97.573, 	 1.387, 	 1.502, 	 2.889, 	 2.055, 	 139.342, 	 99.628
8, 	 384,	 0.49452,	 11.139, 	 136.552, 	 97.573, 	 1.153, 	 1.493, 	 2.645, 	 2.210, 	 139.197, 	 99.783
8, 	 384,	 0.49397,	 11.139, 	 136.650, 	 97.573, 	 0.946, 	 1.502, 	 2.448, 	 2.369, 	 139.098, 	 99.942
8, 	 384,	 0.49341,	 11.139, 	 136.749, 	 97.573, 	 0.768, 	 1.572, 	 2.340, 	 2.533, 	 139.089, 	 100.106
8, 	 384,	 0.49286,	 11.139, 	 136.848, 	 97.573, 	 0.616, 	 1.619, 	 2.235, 	 2.701, 	 139.084, 	 100.274
8, 	 384,	 0.49231,	 11.139, 	 136.948, 	 97.573, 	 0.489, 	 1.536, 	 2.025, 	 2.872, 	 138.973, 	 100.445
8, 	 384,	 0.49176,	 11.139, 	 137.047, 	 97.573, 	 0.385, 	 1.631, 	 2.016, 	 3.047, 	 139.063, 	 100.619
8, 	 384,	 0.49120,	 11.139, 	 137.147, 	 97.573, 	 0.301, 	 1.669, 	 1.970, 	 3.224, 	 139.117, 	 100.797

8, 	 384,	 0.49617,	 11.264, 	 136.257, 	 97.573, 	 1.341, 	 1.550, 	 2.892, 	 2.529, 	 139.148, 	 100.102
8, 	 384,	 0.49562,	 11.264, 	 136.355, 	 97.573, 	 1.112, 	 1.516, 	 2.629, 	 2.698, 	 138.983, 	 100.271
8, 	 384,	 0.49507,	 11.264, 	 136.453, 	 97.573, 	 0.911, 	 1.577, 	 2.488, 	 2.870, 	 138.941, 	 100.443
8, 	 384,	 0.49452,	 11.264, 	 136.552, 	 97.573, 	 0.737, 	 1.599, 	 2.336, 	 3.045, 	 138.888, 	 100.618
8, 	 384,	 0.49397,	 11.264, 	 136.650, 	 97.573, 	 0.590, 	 1.618, 	 2.208, 	 3.223, 	 138.858, 	 100.795
8, 	 384,	 0.49341,	 11.264, 	 136.749, 	 97.573, 	 0.468, 	 1.623, 	 2.091, 	 3.403, 	 138.840, 	 100.976
8, 	 384,	 0.49286,	 11.264, 	 136.848, 	 97.573, 	 0.368, 	 1.606, 	 1.974, 	 3.586, 	 138.823, 	 101.158
8, 	 384,	 0.49231,	 11.264, 	 136.948, 	 97.573, 	 0.287, 	 1.683, 	 1.970, 	 3.770, 	 138.917, 	 101.343
8, 	 384,	 0.49176,	 11.264, 	 137.047, 	 97.573, 	 0.223, 	 1.723, 	 1.946, 	 3.957, 	 138.993, 	 101.529

8, 	 384,	 0.49727,	 11.389, 	 136.062, 	 97.573, 	 1.297, 	 1.533, 	 2.830, 	 3.039, 	 138.892, 	 100.612
8, 	 384,	 0.49672,	 11.389, 	 136.159, 	 97.573, 	 1.073, 	 1.569, 	 2.642, 	 3.218, 	 138.801, 	 100.790
8, 	 384,	 0.49617,	 11.389, 	 136.257, 	 97.573, 	 0.877, 	 1.603, 	 2.480, 	 3.399, 	 138.737, 	 100.972
8, 	 384,	 0.49562,	 11.389, 	 136.355, 	 97.573, 	 0.708, 	 1.607, 	 2.316, 	 3.582, 	 138.670, 	 101.155
8, 	 384,	 0.49507,	 11.389, 	 136.453, 	 97.573, 	 0.566, 	 1.702, 	 2.268, 	 3.767, 	 138.721, 	 101.340
8, 	 384,	 0.49452,	 11.389, 	 136.552, 	 97.573, 	 0.448, 	 1.680, 	 2.127, 	 3.955, 	 138.679, 	 101.527

8, 	 384,	 0.49836,	 11.514, 	 135.869, 	 97.573, 	 1.254, 	 1.638, 	 2.892, 	 3.575, 	 138.761, 	 101.147
8, 	 384,	 0.49781,	 11.514, 	 135.965, 	 97.573, 	 1.035, 	 1.583, 	 2.618, 	 3.761, 	 138.583, 	 101.334
8, 	 384,	 0.49727,	 11.514, 	 136.062, 	 97.573, 	 0.844, 	 1.578, 	 2.422, 	 3.949, 	 138.484, 	 101.521
8, 	 384,	 0.49672,	 11.514, 	 136.159, 	 97.573, 	 0.680, 	 1.678, 	 2.358, 	 4.138, 	 138.517, 	 101.711
8, 	 384,	 0.49617,	 11.514, 	 136.257, 	 97.573, 	 0.542, 	 1.645, 	 2.187, 	 4.329, 	 138.444, 	 101.901
8, 	 384,	 0.49562,	 11.514, 	 136.355, 	 97.573, 	 0.428, 	 1.693, 	 2.121, 	 4.521, 	 138.476, 	 102.093
8, 	 384,	 0.49507,	 11.514, 	 136.453, 	 97.573, 	 0.335, 	 1.707, 	 2.042, 	 4.713, 	 138.495, 	 102.286

8, 	 384,	 0.49945,	 11.639, 	 135.678, 	 97.573, 	 1.211, 	 1.602, 	 2.813, 	 4.129, 	 138.491, 	 101.702
8, 	 384,	 0.49891,	 11.639, 	 135.773, 	 97.573, 	 0.997, 	 1.650, 	 2.647, 	 4.320, 	 138.420, 	 101.893
8, 	 384,	 0.49836,	 11.639, 	 135.869, 	 97.573, 	 0.811, 	 1.662, 	 2.473, 	 4.513, 	 138.342, 	 102.086
8, 	 384,	 0.49781,	 11.639, 	 135.965, 	 97.573, 	 0.653, 	 1.727, 	 2.380, 	 4.706, 	 138.345, 	 102.279
8, 	 384,	 0.49727,	 11.639, 	 136.062, 	 97.573, 	 0.519, 	 1.717, 	 2.237, 	 4.901, 	 138.298, 	 102.474
8, 	 384,	 0.49672,	 11.639, 	 136.159, 	 97.573, 	 0.410, 	 1.744, 	 2.153, 	 5.096, 	 138.312, 	 102.669
8, 	 384,	 0.49617,	 11.639, 	 136.257, 	 97.573, 	 0.320, 	 1.841, 	 2.162, 	 5.292, 	 138.419, 	 102.865

8, 	 384,	 0.50055,	 11.764, 	 135.490, 	 97.573, 	 1.167, 	 1.668, 	 2.835, 	 4.695, 	 138.325, 	 102.268
8, 	 384,	 0.50000,	 11.764, 	 135.584, 	 97.573, 	 0.960, 	 1.679, 	 2.639, 	 4.891, 	 138.223, 	 102.464
8, 	 384,	 0.49945,	 11.764, 	 135.678, 	 97.573, 	 0.780, 	 1.707, 	 2.487, 	 5.087, 	 138.165, 	 102.660
8, 	 384,	 0.49891,	 11.764, 	 135.773, 	 97.573, 	 0.626, 	 1.772, 	 2.398, 	 5.284, 	 138.171, 	 102.856
8, 	 384,	 0.49836,	 11.764, 	 135.869, 	 97.573, 	 0.497, 	 1.759, 	 2.256, 	 5.481, 	 138.125, 	 103.054
8, 	 384,	 0.49781,	 11.764, 	 135.965, 	 97.573, 	 0.392, 	 1.827, 	 2.219, 	 5.679, 	 138.184, 	 103.251
8, 	 384,	 0.49727,	 11.764, 	 136.062, 	 97.573, 	 0.306, 	 1.816, 	 2.122, 	 5.877, 	 138.184, 	 103.450

8, 	 384,	 0.50218,	 11.889, 	 135.217, 	 97.573, 	 1.352, 	 1.648, 	 3.000, 	 5.073, 	 138.217, 	 102.646
8, 	 384,	 0.50163,	 11.889, 	 135.307, 	 97.573, 	 1.124, 	 1.711, 	 2.835, 	 5.271, 	 138.141, 	 102.844
8, 	 384,	 0.50109,	 11.889, 	 135.398, 	 97.573, 	 0.923, 	 1.724, 	 2.647, 	 5.469, 	 138.045, 	 103.042
8, 	 384,	 0.50055,	 11.889, 	 135.490, 	 97.573, 	 0.748, 	 1.812, 	 2.560, 	 5.667, 	 138.050, 	 103.240
8, 	 384,	 0.50000,	 11.889, 	 135.584, 	 97.573, 	 0.600, 	 1.723, 	 2.323, 	 5.866, 	 137.906, 	 103.439
8, 	 384,	 0.49945,	 11.889, 	 135.678, 	 97.573, 	 0.476, 	 1.809, 	 2.285, 	 6.065, 	 137.963, 	 103.638
8, 	 384,	 0.49891,	 11.889, 	 135.773, 	 97.573, 	 0.374, 	 1.843, 	 2.217, 	 6.265, 	 137.990, 	 103.838

8, 	 384,	 0.50381,	 12.014, 	 134.956, 	 97.573, 	 1.547, 	 1.719, 	 3.265, 	 5.453, 	 138.222, 	 103.025
8, 	 384,	 0.50326,	 12.014, 	 135.041, 	 97.573, 	 1.301, 	 1.747, 	 3.047, 	 5.652, 	 138.089, 	 103.225
8, 	 384,	 0.50272,	 12.014, 	 135.128, 	 97.573, 	 1.080, 	 1.739, 	 2.819, 	 5.852, 	 137.947, 	 103.424
8, 	 384,	 0.50218,	 12.014, 	 135.217, 	 97.573, 	 0.885, 	 1.735, 	 2.620, 	 6.052, 	 137.836, 	 103.624
8, 	 384,	 0.50163,	 12.014, 	 135.307, 	 97.573, 	 0.716, 	 1.771, 	 2.487, 	 6.252, 	 137.794, 	 103.825
8, 	 384,	 0.50109,	 12.014, 	 135.398, 	 97.573, 	 0.574, 	 1.827, 	 2.400, 	 6.452, 	 137.798, 	 104.025
8, 	 384,	 0.50055,	 12.014, 	 135.490, 	 97.573, 	 0.455, 	 1.883, 	 2.338, 	 6.653, 	 137.828, 	 104.226

8, 	 384,	 0.50435,	 12.139, 	 134.873, 	 97.573, 	 1.247, 	 1.814, 	 3.061, 	 6.235, 	 137.935, 	 103.808
8, 	 384,	 0.50381,	 12.139, 	 134.956, 	 97.573, 	 1.034, 	 1.818, 	 2.852, 	 6.436, 	 137.808, 	 104.009
8, 	 384,	 0.50326,	 12.139, 	 135.041, 	 97.573, 	 0.846, 	 1.833, 	 2.680, 	 6.638, 	 137.721, 	 104.210
8, 	 384,	 0.50272,	 12.139, 	 135.128, 	 97.573, 	 0.685, 	 1.886, 	 2.570, 	 6.839, 	 137.699, 	 104.412
8, 	 384,	 0.50218,	 12.139, 	 135.217, 	 97.573, 	 0.548, 	 1.855, 	 2.402, 	 7.041, 	 137.619, 	 104.614
8, 	 384,	 0.50163,	 12.139, 	 135.307, 	 97.573, 	 0.434, 	 1.962, 	 2.396, 	 7.242, 	 137.703, 	 104.815
8, 	 384,	 0.50109,	 12.139, 	 135.398, 	 97.573, 	 0.341, 	 1.899, 	 2.239, 	 7.444, 	 137.638, 	 105.017

8, 	 384,	 0.50489,	 12.264, 	 134.793, 	 97.573, 	 0.986, 	 1.837, 	 2.823, 	 7.023, 	 137.616, 	 104.596
8, 	 384,	 0.50435,	 12.264, 	 134.873, 	 97.573, 	 0.807, 	 1.869, 	 2.676, 	 7.225, 	 137.549, 	 104.798
8, 	 384,	 0.50381,	 12.264, 	 134.956, 	 97.573, 	 0.652, 	 1.923, 	 2.575, 	 7.428, 	 137.531, 	 105.001
8, 	 384,	 0.50326,	 12.264, 	 135.041, 	 97.573, 	 0.521, 	 1.965, 	 2.486, 	 7.630, 	 137.528, 	 105.203
8, 	 384,	 0.50272,	 12.264, 	 135.128, 	 97.573, 	 0.413, 	 1.963, 	 2.376, 	 7.833, 	 137.504, 	 105.406
8, 	 384,	 0.50218,	 12.264, 	 135.217, 	 97.573, 	 0.324, 	 2.033, 	 2.356, 	 8.035, 	 137.573, 	 105.608
8, 	 384,	 0.50163,	 12.264, 	 135.307, 	 97.573, 	 0.252, 	 2.095, 	 2.347, 	 8.238, 	 137.654, 	 105.811

8, 	 384,	 0.50651,	 12.389, 	 134.568, 	 97.573, 	 1.130, 	 1.893, 	 3.023, 	 7.407, 	 137.591, 	 104.980
8, 	 384,	 0.50597,	 12.389, 	 134.640, 	 97.573, 	 0.935, 	 1.839, 	 2.774, 	 7.610, 	 137.414, 	 105.183
8, 	 384,	 0.50543,	 12.389, 	 134.715, 	 97.573, 	 0.765, 	 1.903, 	 2.667, 	 7.814, 	 137.382, 	 105.387
8, 	 384,	 0.50489,	 12.389, 	 134.793, 	 97.573, 	 0.618, 	 1.959, 	 2.577, 	 8.017, 	 137.370, 	 105.590
8, 	 384,	 0.50435,	 12.389, 	 134.873, 	 97.573, 	 0.494, 	 1.970, 	 2.464, 	 8.220, 	 137.338, 	 105.793
8, 	 384,	 0.50381,	 12.389, 	 134.956, 	 97.573, 	 0.391, 	 1.967, 	 2.358, 	 8.424, 	 137.315, 	 105.996
8, 	 384,	 0.50326,	 12.389, 	 135.041, 	 97.573, 	 0.307, 	 2.100, 	 2.407, 	 8.627, 	 137.448, 	 106.199
8, 	 384,	 0.50272,	 12.389, 	 135.128, 	 97.573, 	 0.239, 	 2.060, 	 2.300, 	 8.830, 	 137.428, 	 106.402

8, 	 384,	 0.50759,	 12.514, 	 134.437, 	 97.573, 	 1.064, 	 1.897, 	 2.961, 	 7.995, 	 137.397, 	 105.568
8, 	 384,	 0.50705,	 12.514, 	 134.501, 	 97.573, 	 0.881, 	 1.895, 	 2.776, 	 8.199, 	 137.277, 	 105.772
8, 	 384,	 0.50651,	 12.514, 	 134.568, 	 97.573, 	 0.721, 	 1.958, 	 2.678, 	 8.403, 	 137.247, 	 105.976
8, 	 384,	 0.50597,	 12.514, 	 134.640, 	 97.573, 	 0.582, 	 2.009, 	 2.591, 	 8.607, 	 137.231, 	 106.180
8, 	 384,	 0.50543,	 12.514, 	 134.715, 	 97.573, 	 0.466, 	 2.077, 	 2.543, 	 8.811, 	 137.258, 	 106.383
8, 	 384,	 0.50489,	 12.514, 	 134.793, 	 97.573, 	 0.369, 	 2.003, 	 2.372, 	 9.014, 	 137.165, 	 106.587
8, 	 384,	 0.50435,	 12.514, 	 134.873, 	 97.573, 	 0.290, 	 2.064, 	 2.354, 	 9.218, 	 137.228, 	 106.791
8, 	 384,	 0.50381,	 12.514, 	 134.956, 	 97.573, 	 0.226, 	 2.146, 	 2.372, 	 9.421, 	 137.328, 	 106.994

8, 	 384,	 0.50866,	 12.639, 	 134.323, 	 97.573, 	 0.993, 	 1.972, 	 2.965, 	 8.583, 	 137.288, 	 106.156
8, 	 384,	 0.50813,	 12.639, 	 134.377, 	 97.573, 	 0.823, 	 1.971, 	 2.794, 	 8.787, 	 137.171, 	 106.360
8, 	 384,	 0.50759,	 12.639, 	 134.437, 	 97.573, 	 0.673, 	 1.974, 	 2.647, 	 8.992, 	 137.084, 	 106.565
8, 	 384,	 0.50705,	 12.639, 	 134.501, 	 97.573, 	 0.545, 	 2.065, 	 2.610, 	 9.196, 	 137.111, 	 106.769
8, 	 384,	 0.50651,	 12.639, 	 134.568, 	 97.573, 	 0.436, 	 2.061, 	 2.498, 	 9.401, 	 137.066, 	 106.974
8, 	 384,	 0.50597,	 12.639, 	 134.640, 	 97.573, 	 0.346, 	 2.053, 	 2.399, 	 9.605, 	 137.039, 	 107.178
8, 	 384,	 0.50543,	 12.639, 	 134.715, 	 97.573, 	 0.272, 	 2.208, 	 2.480, 	 9.809, 	 137.195, 	 107.382
8, 	 384,	 0.50489,	 12.639, 	 134.793, 	 97.573, 	 0.213, 	 2.221, 	 2.434, 	 10.013, 	 137.227, 	 107.586

8, 	 384,	 0.50974,	 12.764, 	 134.230, 	 97.573, 	 0.916, 	 1.982, 	 2.897, 	 9.171, 	 137.127, 	 106.744
8, 	 384,	 0.50920,	 12.764, 	 134.274, 	 97.573, 	 0.760, 	 2.045, 	 2.804, 	 9.376, 	 137.078, 	 106.949
8, 	 384,	 0.50866,	 12.764, 	 134.323, 	 97.573, 	 0.623, 	 2.107, 	 2.730, 	 9.581, 	 137.053, 	 107.154
8, 	 384,	 0.50813,	 12.764, 	 134.377, 	 97.573, 	 0.505, 	 2.096, 	 2.601, 	 9.786, 	 136.978, 	 107.359
8, 	 384,	 0.50759,	 12.764, 	 134.437, 	 97.573, 	 0.405, 	 2.073, 	 2.478, 	 9.991, 	 136.915, 	 107.563
8, 	 384,	 0.50705,	 12.764, 	 134.501, 	 97.573, 	 0.322, 	 2.127, 	 2.449, 	 10.195, 	 136.950, 	 107.768
8, 	 384,	 0.50651,	 12.764, 	 134.568, 	 97.573, 	 0.254, 	 2.203, 	 2.458, 	 10.400, 	 137.026, 	 107.973

8, 	 384,	 0.51081,	 12.889, 	 134.162, 	 97.573, 	 0.833, 	 2.081, 	 2.914, 	 9.759, 	 137.076, 	 107.331
8, 	 384,	 0.51027,	 12.889, 	 134.193, 	 97.573, 	 0.692, 	 2.086, 	 2.779, 	 9.964, 	 136.971, 	 107.537
8, 	 384,	 0.50974,	 12.889, 	 134.230, 	 97.573, 	 0.569, 	 2.183, 	 2.752, 	 10.170, 	 136.982, 	 107.742
8, 	 384,	 0.50920,	 12.889, 	 134.274, 	 97.573, 	 0.463, 	 2.085, 	 2.548, 	 10.375, 	 136.822, 	 107.948
8, 	 384,	 0.50866,	 12.889, 	 134.323, 	 97.573, 	 0.372, 	 2.159, 	 2.531, 	 10.580, 	 136.854, 	 108.153
8, 	 384,	 0.50813,	 12.889, 	 134.377, 	 97.573, 	 0.297, 	 2.220, 	 2.517, 	 10.785, 	 136.894, 	 108.358

8, 	 384,	 0.51188,	 13.014, 	 134.120, 	 97.573, 	 0.746, 	 2.082, 	 2.828, 	 10.346, 	 136.948, 	 107.919
8, 	 384,	 0.51134,	 13.014, 	 134.137, 	 97.573, 	 0.621, 	 2.139, 	 2.760, 	 10.552, 	 136.898, 	 108.125
8, 	 384,	 0.51081,	 13.014, 	 134.162, 	 97.573, 	 0.512, 	 2.157, 	 2.669, 	 10.758, 	 136.831, 	 108.331
8, 	 384,	 0.51027,	 13.014, 	 134.193, 	 97.573, 	 0.418, 	 2.232, 	 2.650, 	 10.963, 	 136.842, 	 108.536
8, 	 384,	 0.50974,	 13.014, 	 134.230, 	 97.573, 	 0.338, 	 2.256, 	 2.593, 	 11.169, 	 136.823, 	 108.742
8, 	 384,	 0.50920,	 13.014, 	 134.274, 	 97.573, 	 0.270, 	 2.281, 	 2.552, 	 11.374, 	 136.825, 	 108.947
8, 	 384,	 0.50866,	 13.014, 	 134.323, 	 97.573, 	 0.215, 	 2.287, 	 2.501, 	 11.580, 	 136.824, 	 109.152

8, 	 384,	 0.51134,	 13.139, 	 134.137, 	 97.573, 	 0.371, 	 2.269, 	 2.641, 	 11.551, 	 136.778, 	 109.124
8, 	 384,	 0.51081,	 13.139, 	 134.162, 	 97.573, 	 0.301, 	 2.315, 	 2.616, 	 11.757, 	 136.778, 	 109.330
8, 	 384,	 0.51027,	 13.139, 	 134.193, 	 97.573, 	 0.243, 	 2.328, 	 2.571, 	 11.963, 	 136.764, 	 109.536
8, 	 384,	 0.50974,	 13.139, 	 134.230, 	 97.573, 	 0.194, 	 2.376, 	 2.570, 	 12.169, 	 136.800, 	 109.741
8, 	 384,	 0.50920,	 13.139, 	 134.274, 	 97.573, 	 0.154, 	 2.385, 	 2.538, 	 12.374, 	 136.812, 	 109.947

8, 	 384,	 0.51295,	 13.264, 	 134.108, 	 97.573, 	 0.393, 	 2.221, 	 2.615, 	 11.932, 	 136.722, 	 109.505
8, 	 384,	 0.51241,	 13.264, 	 134.110, 	 97.573, 	 0.324, 	 2.389, 	 2.713, 	 12.139, 	 136.823, 	 109.712
8, 	 384,	 0.51188,	 13.264, 	 134.120, 	 97.573, 	 0.264, 	 2.388, 	 2.653, 	 12.345, 	 136.773, 	 109.918

8, 	 384,	 0.51454,	 13.389, 	 134.145, 	 97.573, 	 0.401, 	 2.252, 	 2.653, 	 12.312, 	 136.798, 	 109.885
8, 	 384,	 0.51401,	 13.389, 	 134.125, 	 97.573, 	 0.335, 	 2.303, 	 2.638, 	 12.519, 	 136.763, 	 110.092
8, 	 384,	 0.51348,	 13.389, 	 134.113, 	 97.573, 	 0.277, 	 2.381, 	 2.658, 	 12.726, 	 136.771, 	 110.299
8, 	 384,	 0.51295,	 13.389, 	 134.108, 	 97.573, 	 0.228, 	 2.422, 	 2.650, 	 12.932, 	 136.758, 	 110.505
8, 	 384,	 0.51241,	 13.389, 	 134.110, 	 97.573, 	 0.186, 	 2.442, 	 2.628, 	 13.139, 	 136.738, 	 110.712
8, 	 384,	 0.51188,	 13.389, 	 134.120, 	 97.573, 	 0.150, 	 2.487, 	 2.637, 	 13.345, 	 136.757, 	 110.918
8, 	 384,	 0.51134,	 13.389, 	 134.137, 	 97.573, 	 0.121, 	 2.541, 	 2.661, 	 13.551, 	 136.799, 	 111.124

8, 	 384,	 0.51401,	 13.514, 	 134.125, 	 97.573, 	 0.192, 	 2.405, 	 2.597, 	 13.519, 	 136.722, 	 111.092
8, 	 384,	 0.51348,	 13.514, 	 134.113, 	 97.573, 	 0.158, 	 2.479, 	 2.636, 	 13.726, 	 136.749, 	 111.298
8, 	 384,	 0.51295,	 13.514, 	 134.108, 	 97.573, 	 0.129, 	 2.529, 	 2.658, 	 13.932, 	 136.766, 	 111.505

8, 	 384,	 0.51560,	 13.639, 	 134.207, 	 97.573, 	 0.191, 	 2.464, 	 2.654, 	 13.898, 	 136.862, 	 111.470
8, 	 384,	 0.51507,	 13.639, 	 134.173, 	 97.573, 	 0.159, 	 2.527, 	 2.686, 	 14.105, 	 136.858, 	 111.678
8, 	 384,	 0.51454,	 13.639, 	 134.145, 	 97.573, 	 0.131, 	 2.558, 	 2.689, 	 14.312, 	 136.834, 	 111.885
8, 	 384,	 0.51401,	 13.639, 	 134.125, 	 97.573, 	 0.108, 	 2.566, 	 2.674, 	 14.519, 	 136.799, 	 112.092
8, 	 384,	 0.51348,	 13.639, 	 134.113, 	 97.573, 	 0.088, 	 2.594, 	 2.682, 	 14.726, 	 136.795, 	 112.298
8, 	 384,	 0.51295,	 13.639, 	 134.108, 	 97.573, 	 0.072, 	 2.697, 	 2.768, 	 14.932, 	 136.876, 	 112.505
8, 	 384,	 0.51241,	 13.639, 	 134.110, 	 97.573, 	 0.058, 	 2.697, 	 2.754, 	 15.139, 	 136.865, 	 112.711

8, 	 384,	 0.51507,	 13.764, 	 134.173, 	 97.573, 	 0.089, 	 2.618, 	 2.706, 	 15.105, 	 136.879, 	 112.678
8, 	 384,	 0.51454,	 13.764, 	 134.145, 	 97.573, 	 0.073, 	 2.731, 	 2.804, 	 15.312, 	 136.949, 	 112.885
8, 	 384,	 0.51401,	 13.764, 	 134.125, 	 97.573, 	 0.060, 	 2.728, 	 2.788, 	 15.519, 	 136.913, 	 113.092

8, 	 384,	 0.51666,	 13.889, 	 134.297, 	 97.573, 	 0.086, 	 2.679, 	 2.765, 	 15.482, 	 137.061, 	 113.055
8, 	 384,	 0.51613,	 13.889, 	 134.249, 	 97.573, 	 0.071, 	 2.712, 	 2.784, 	 15.690, 	 137.032, 	 113.263
8, 	 384,	 0.51560,	 13.889, 	 134.207, 	 97.573, 	 0.059, 	 2.759, 	 2.818, 	 15.897, 	 137.025, 	 113.470
8, 	 384,	 0.51507,	 13.889, 	 134.173, 	 97.573, 	 0.049, 	 2.777, 	 2.826, 	 16.105, 	 136.998, 	 113.678
8, 	 384,	 0.51454,	 13.889, 	 134.145, 	 97.573, 	 0.040, 	 2.793, 	 2.833, 	 16.312, 	 136.978, 	 113.885
8, 	 384,	 0.51401,	 13.889, 	 134.125, 	 97.573, 	 0.033, 	 2.855, 	 2.887, 	 16.519, 	 137.013, 	 114.092
8, 	 384,	 0.51348,	 13.889, 	 134.113, 	 97.573, 	 0.027, 	 2.914, 	 2.940, 	 16.725, 	 137.053, 	 114.298

8, 	 384,	 0.51613,	 14.014, 	 134.249, 	 97.573, 	 0.039, 	 2.859, 	 2.898, 	 16.690, 	 137.147, 	 114.263
8, 	 384,	 0.51560,	 14.014, 	 134.207, 	 97.573, 	 0.033, 	 2.894, 	 2.927, 	 16.897, 	 137.134, 	 114.470
8, 	 384,	 0.51507,	 14.014, 	 134.173, 	 97.573, 	 0.027, 	 2.945, 	 2.972, 	 17.105, 	 137.145, 	 114.678
8, 	 384,	 0.51454,	 14.014, 	 134.145, 	 97.573, 	 0.022, 	 2.972, 	 2.994, 	 17.312, 	 137.140, 	 114.885

8, 	 384,	 0.51719,	 14.139, 	 134.351, 	 97.573, 	 0.031, 	 2.937, 	 2.969, 	 17.275, 	 137.319, 	 114.848
8, 	 384,	 0.51666,	 14.139, 	 134.297, 	 97.573, 	 0.026, 	 2.939, 	 2.965, 	 17.482, 	 137.262, 	 115.055
8, 	 384,	 0.51613,	 14.139, 	 134.249, 	 97.573, 	 0.022, 	 3.019, 	 3.041, 	 17.690, 	 137.290, 	 115.263
8, 	 384,	 0.51560,	 14.139, 	 134.207, 	 97.573, 	 0.018, 	 3.013, 	 3.031, 	 17.897, 	 137.239, 	 115.470
8, 	 384,	 0.51507,	 14.139, 	 134.173, 	 97.573, 	 0.015, 	 3.119, 	 3.134, 	 18.105, 	 137.307, 	 115.678
8, 	 384,	 0.51454,	 14.139, 	 134.145, 	 97.573, 	 0.012, 	 3.159, 	 3.171, 	 18.312, 	 137.317, 	 115.885

8, 	 384,	 0.51719,	 14.264, 	 134.351, 	 97.573, 	 0.017, 	 3.060, 	 3.077, 	 18.275, 	 137.428, 	 115.848
8, 	 384,	 0.51666,	 14.264, 	 134.297, 	 97.573, 	 0.014, 	 3.179, 	 3.194, 	 18.482, 	 137.490, 	 116.055
8, 	 384,	 0.51613,	 14.264, 	 134.249, 	 97.573, 	 0.012, 	 3.236, 	 3.248, 	 18.690, 	 137.496, 	 116.263

8, 	 384,	 0.51878,	 14.389, 	 134.546, 	 97.573, 	 0.016, 	 3.073, 	 3.089, 	 18.650, 	 137.635, 	 116.223
8, 	 384,	 0.51825,	 14.389, 	 134.476, 	 97.573, 	 0.013, 	 3.119, 	 3.132, 	 18.859, 	 137.608, 	 116.432
8, 	 384,	 0.51772,	 14.389, 	 134.411, 	 97.573, 	 0.011, 	 3.222, 	 3.233, 	 19.067, 	 137.644, 	 116.640
8, 	 384,	 0.51719,	 14.389, 	 134.351, 	 97.573, 	 0.009, 	 3.213, 	 3.222, 	 19.275, 	 137.573, 	 116.848
8, 	 384,	 0.51666,	 14.389, 	 134.297, 	 97.573, 	 0.008, 	 3.255, 	 3.262, 	 19.482, 	 137.559, 	 117.055
8, 	 384,	 0.51613,	 14.389, 	 134.249, 	 97.573, 	 0.006, 	 3.300, 	 3.306, 	 19.690, 	 137.555, 	 117.263
8, 	 384,	 0.51560,	 14.389, 	 134.207, 	 97.573, 	 0.005, 	 3.444, 	 3.449, 	 19.897, 	 137.657, 	 117.470
8, 	 384,	 0.51507,	 14.389, 	 134.173, 	 97.573, 	 0.004, 	 3.540, 	 3.544, 	 20.105, 	 137.717, 	 117.678

8, 	 384,	 0.51772,	 14.514, 	 134.411, 	 97.573, 	 0.006, 	 3.404, 	 3.410, 	 20.067, 	 137.821, 	 117.640
8, 	 384,	 0.51719,	 14.514, 	 134.351, 	 97.573, 	 0.005, 	 3.417, 	 3.422, 	 20.275, 	 137.773, 	 117.848
8, 	 384,	 0.51666,	 14.514, 	 134.297, 	 97.573, 	 0.004, 	 3.639, 	 3.643, 	 20.482, 	 137.940, 	 118.055
8, 	 384,	 0.51613,	 14.514, 	 134.249, 	 97.573, 	 0.004, 	 3.569, 	 3.573, 	 20.690, 	 137.822, 	 118.263

8, 	 384,	 0.51878,	 14.639, 	 134.546, 	 97.573, 	 0.005, 	 3.412, 	 3.416, 	 20.650, 	 137.963, 	 118.223
8, 	 384,	 0.51825,	 14.639, 	 134.476, 	 97.573, 	 0.004, 	 3.435, 	 3.439, 	 20.859, 	 137.915, 	 118.432
8, 	 384,	 0.51772,	 14.639, 	 134.411, 	 97.573, 	 0.003, 	 3.519, 	 3.522, 	 21.067, 	 137.933, 	 118.640
8, 	 384,	 0.51719,	 14.639, 	 134.351, 	 97.573, 	 0.003, 	 3.629, 	 3.632, 	 21.275, 	 137.983, 	 118.848

8, 	 384,	 0.51983,	 14.764, 	 134.701, 	 97.573, 	 0.004, 	 3.485, 	 3.489, 	 21.234, 	 138.189, 	 118.806
8, 	 384,	 0.51931,	 14.764, 	 134.621, 	 97.573, 	 0.003, 	 3.632, 	 3.635, 	 21.442, 	 138.256, 	 119.015
8, 	 384,	 0.51878,	 14.764, 	 134.546, 	 97.573, 	 0.003, 	 3.682, 	 3.685, 	 21.650, 	 138.231, 	 119.223

8, 	 384,	 0.52141,	 14.889, 	 134.960, 	 97.573, 	 0.003, 	 3.607, 	 3.610, 	 21.607, 	 138.570, 	 119.180
