m, 	 n, 	 a, 		 B, 		 Tb, 		 Mb, 		 COx, 		 POx, 		 TOx, 		 MOx, 		 Tt, 		 Mt
12, 	 384,	 0.50163,	 6.842, 	 135.307, 	 97.573, 	 8.780, 	 1.796, 	 10.577, 	 0.007, 	 145.883, 	 97.579
12, 	 384,	 0.50109,	 6.842, 	 135.398, 	 97.573, 	 8.384, 	 1.837, 	 10.221, 	 0.008, 	 145.619, 	 97.580
12, 	 384,	 0.50055,	 6.842, 	 135.490, 	 97.573, 	 7.987, 	 1.860, 	 9.847, 	 0.009, 	 145.337, 	 97.582
12, 	 384,	 0.50000,	 6.842, 	 135.584, 	 97.573, 	 7.590, 	 1.823, 	 9.413, 	 0.010, 	 144.997, 	 97.583
12, 	 384,	 0.49945,	 6.842, 	 135.678, 	 97.573, 	 7.193, 	 1.889, 	 9.082, 	 0.012, 	 144.760, 	 97.584
12, 	 384,	 0.49891,	 6.842, 	 135.773, 	 97.573, 	 6.796, 	 1.962, 	 8.759, 	 0.013, 	 144.532, 	 97.586
12, 	 384,	 0.49836,	 6.842, 	 135.869, 	 97.573, 	 6.400, 	 1.963, 	 8.363, 	 0.015, 	 144.232, 	 97.588
12, 	 384,	 0.49781,	 6.842, 	 135.965, 	 97.573, 	 6.005, 	 2.000, 	 8.005, 	 0.018, 	 143.970, 	 97.590
12, 	 384,	 0.49727,	 6.842, 	 136.062, 	 97.573, 	 5.612, 	 1.980, 	 7.592, 	 0.020, 	 143.654, 	 97.593
12, 	 384,	 0.49672,	 6.842, 	 136.159, 	 97.573, 	 5.221, 	 2.004, 	 7.225, 	 0.023, 	 143.384, 	 97.596
12, 	 384,	 0.49617,	 6.842, 	 136.257, 	 97.573, 	 4.833, 	 1.999, 	 6.832, 	 0.027, 	 143.089, 	 97.599
12, 	 384,	 0.49562,	 6.842, 	 136.355, 	 97.573, 	 4.448, 	 2.081, 	 6.529, 	 0.031, 	 142.884, 	 97.603
12, 	 384,	 0.49507,	 6.842, 	 136.453, 	 97.573, 	 4.069, 	 2.108, 	 6.177, 	 0.035, 	 142.630, 	 97.608
12, 	 384,	 0.49452,	 6.842, 	 136.552, 	 97.573, 	 3.696, 	 2.162, 	 5.858, 	 0.040, 	 142.409, 	 97.613
12, 	 384,	 0.49397,	 6.842, 	 136.650, 	 97.573, 	 3.330, 	 2.136, 	 5.466, 	 0.046, 	 142.117, 	 97.619
12, 	 384,	 0.49341,	 6.842, 	 136.749, 	 97.573, 	 2.975, 	 2.169, 	 5.145, 	 0.053, 	 141.894, 	 97.626
12, 	 384,	 0.49286,	 6.842, 	 136.848, 	 97.573, 	 2.633, 	 2.243, 	 4.876, 	 0.061, 	 141.724, 	 97.634
12, 	 384,	 0.49231,	 6.842, 	 136.948, 	 97.573, 	 2.306, 	 2.176, 	 4.482, 	 0.070, 	 141.429, 	 97.642
12, 	 384,	 0.49176,	 6.842, 	 137.047, 	 97.573, 	 1.996, 	 2.264, 	 4.261, 	 0.080, 	 141.308, 	 97.652
12, 	 384,	 0.49120,	 6.842, 	 137.147, 	 97.573, 	 1.708, 	 2.300, 	 4.008, 	 0.091, 	 141.155, 	 97.664
12, 	 384,	 0.49065,	 6.842, 	 137.247, 	 97.573, 	 1.443, 	 2.340, 	 3.784, 	 0.104, 	 141.030, 	 97.677
12, 	 384,	 0.49009,	 6.842, 	 137.346, 	 97.573, 	 1.204, 	 2.366, 	 3.570, 	 0.119, 	 140.917, 	 97.692
12, 	 384,	 0.48954,	 6.842, 	 137.446, 	 97.573, 	 0.992, 	 2.401, 	 3.393, 	 0.136, 	 140.840, 	 97.709
12, 	 384,	 0.48898,	 6.842, 	 137.546, 	 97.573, 	 0.808, 	 2.397, 	 3.205, 	 0.155, 	 140.751, 	 97.728
12, 	 384,	 0.48842,	 6.842, 	 137.646, 	 97.573, 	 0.651, 	 2.473, 	 3.124, 	 0.176, 	 140.770, 	 97.749
12, 	 384,	 0.48787,	 6.842, 	 137.746, 	 97.573, 	 0.519, 	 2.449, 	 2.968, 	 0.201, 	 140.714, 	 97.774
12, 	 384,	 0.48731,	 6.842, 	 137.846, 	 97.573, 	 0.410, 	 2.542, 	 2.951, 	 0.228, 	 140.798, 	 97.801
12, 	 384,	 0.48675,	 6.842, 	 137.947, 	 97.573, 	 0.321, 	 2.472, 	 2.794, 	 0.259, 	 140.740, 	 97.832

12, 	 384,	 0.50326,	 6.926, 	 135.041, 	 97.573, 	 9.049, 	 1.759, 	 10.808, 	 0.009, 	 145.850, 	 97.581
12, 	 384,	 0.50272,	 6.926, 	 135.128, 	 97.573, 	 8.656, 	 1.825, 	 10.481, 	 0.010, 	 145.609, 	 97.583
12, 	 384,	 0.50218,	 6.926, 	 135.217, 	 97.573, 	 8.262, 	 1.829, 	 10.090, 	 0.011, 	 145.307, 	 97.584
12, 	 384,	 0.50163,	 6.926, 	 135.307, 	 97.573, 	 7.866, 	 1.907, 	 9.773, 	 0.013, 	 145.080, 	 97.586
12, 	 384,	 0.50109,	 6.926, 	 135.398, 	 97.573, 	 7.471, 	 1.938, 	 9.409, 	 0.015, 	 144.807, 	 97.588
12, 	 384,	 0.50055,	 6.926, 	 135.490, 	 97.573, 	 7.075, 	 1.918, 	 8.993, 	 0.017, 	 144.484, 	 97.590
12, 	 384,	 0.50000,	 6.926, 	 135.584, 	 97.573, 	 6.680, 	 1.950, 	 8.629, 	 0.020, 	 144.213, 	 97.593
12, 	 384,	 0.49945,	 6.926, 	 135.678, 	 97.573, 	 6.285, 	 1.974, 	 8.259, 	 0.023, 	 143.937, 	 97.596
12, 	 384,	 0.49891,	 6.926, 	 135.773, 	 97.573, 	 5.891, 	 2.006, 	 7.897, 	 0.026, 	 143.671, 	 97.599
12, 	 384,	 0.49836,	 6.926, 	 135.869, 	 97.573, 	 5.499, 	 2.051, 	 7.550, 	 0.030, 	 143.419, 	 97.603
12, 	 384,	 0.49781,	 6.926, 	 135.965, 	 97.573, 	 5.109, 	 2.097, 	 7.206, 	 0.035, 	 143.171, 	 97.608
12, 	 384,	 0.49727,	 6.926, 	 136.062, 	 97.573, 	 4.721, 	 2.090, 	 6.812, 	 0.040, 	 142.873, 	 97.613
12, 	 384,	 0.49672,	 6.926, 	 136.159, 	 97.573, 	 4.338, 	 2.119, 	 6.457, 	 0.046, 	 142.616, 	 97.619
12, 	 384,	 0.49617,	 6.926, 	 136.257, 	 97.573, 	 3.960, 	 2.102, 	 6.062, 	 0.053, 	 142.319, 	 97.626
12, 	 384,	 0.49562,	 6.926, 	 136.355, 	 97.573, 	 3.589, 	 2.167, 	 5.756, 	 0.061, 	 142.111, 	 97.633
12, 	 384,	 0.49507,	 6.926, 	 136.453, 	 97.573, 	 3.226, 	 2.149, 	 5.375, 	 0.069, 	 141.828, 	 97.642
12, 	 384,	 0.49452,	 6.926, 	 136.552, 	 97.573, 	 2.875, 	 2.244, 	 5.119, 	 0.080, 	 141.670, 	 97.652
12, 	 384,	 0.49397,	 6.926, 	 136.650, 	 97.573, 	 2.536, 	 2.224, 	 4.760, 	 0.091, 	 141.410, 	 97.664
12, 	 384,	 0.49341,	 6.926, 	 136.749, 	 97.573, 	 2.213, 	 2.301, 	 4.515, 	 0.104, 	 141.264, 	 97.677
12, 	 384,	 0.49286,	 6.926, 	 136.848, 	 97.573, 	 1.909, 	 2.339, 	 4.248, 	 0.119, 	 141.096, 	 97.692
12, 	 384,	 0.49231,	 6.926, 	 136.948, 	 97.573, 	 1.627, 	 2.367, 	 3.994, 	 0.136, 	 140.942, 	 97.709
12, 	 384,	 0.49176,	 6.926, 	 137.047, 	 97.573, 	 1.370, 	 2.358, 	 3.727, 	 0.155, 	 140.774, 	 97.728
12, 	 384,	 0.49120,	 6.926, 	 137.147, 	 97.573, 	 1.138, 	 2.453, 	 3.592, 	 0.177, 	 140.738, 	 97.750
12, 	 384,	 0.49065,	 6.926, 	 137.247, 	 97.573, 	 0.934, 	 2.514, 	 3.448, 	 0.201, 	 140.695, 	 97.774
12, 	 384,	 0.49009,	 6.926, 	 137.346, 	 97.573, 	 0.758, 	 2.477, 	 3.235, 	 0.229, 	 140.581, 	 97.802
12, 	 384,	 0.48954,	 6.926, 	 137.446, 	 97.573, 	 0.608, 	 2.531, 	 3.139, 	 0.260, 	 140.586, 	 97.833
12, 	 384,	 0.48898,	 6.926, 	 137.546, 	 97.573, 	 0.483, 	 2.568, 	 3.051, 	 0.295, 	 140.597, 	 97.868

12, 	 384,	 0.49286,	 7.009, 	 136.848, 	 97.573, 	 1.299, 	 2.359, 	 3.658, 	 0.229, 	 140.506, 	 97.802
12, 	 384,	 0.49231,	 7.009, 	 136.948, 	 97.573, 	 1.075, 	 2.491, 	 3.566, 	 0.260, 	 140.514, 	 97.833
12, 	 384,	 0.49176,	 7.009, 	 137.047, 	 97.573, 	 0.879, 	 2.455, 	 3.334, 	 0.295, 	 140.382, 	 97.868
12, 	 384,	 0.49120,	 7.009, 	 137.147, 	 97.573, 	 0.710, 	 2.472, 	 3.182, 	 0.334, 	 140.329, 	 97.907
12, 	 384,	 0.49065,	 7.009, 	 137.247, 	 97.573, 	 0.568, 	 2.600, 	 3.168, 	 0.378, 	 140.415, 	 97.951
12, 	 384,	 0.49009,	 7.009, 	 137.346, 	 97.573, 	 0.450, 	 2.613, 	 3.063, 	 0.426, 	 140.409, 	 97.999

12, 	 384,	 0.49452,	 7.092, 	 136.552, 	 97.573, 	 1.474, 	 2.476, 	 3.950, 	 0.295, 	 140.501, 	 97.868
12, 	 384,	 0.49397,	 7.092, 	 136.650, 	 97.573, 	 1.231, 	 2.440, 	 3.671, 	 0.334, 	 140.321, 	 97.907
12, 	 384,	 0.49341,	 7.092, 	 136.749, 	 97.573, 	 1.015, 	 2.536, 	 3.551, 	 0.378, 	 140.300, 	 97.951
12, 	 384,	 0.49286,	 7.092, 	 136.848, 	 97.573, 	 0.827, 	 2.513, 	 3.340, 	 0.426, 	 140.188, 	 97.999
12, 	 384,	 0.49231,	 7.092, 	 136.948, 	 97.573, 	 0.666, 	 2.518, 	 3.184, 	 0.480, 	 140.132, 	 98.053
12, 	 384,	 0.49176,	 7.092, 	 137.047, 	 97.573, 	 0.531, 	 2.644, 	 3.175, 	 0.540, 	 140.222, 	 98.113
12, 	 384,	 0.49120,	 7.092, 	 137.147, 	 97.573, 	 0.419, 	 2.643, 	 3.062, 	 0.605, 	 140.209, 	 98.178

12, 	 384,	 0.49562,	 7.176, 	 136.355, 	 97.573, 	 1.401, 	 2.505, 	 3.905, 	 0.425, 	 140.260, 	 97.998
12, 	 384,	 0.49507,	 7.176, 	 136.453, 	 97.573, 	 1.165, 	 2.575, 	 3.740, 	 0.480, 	 140.193, 	 98.052
12, 	 384,	 0.49452,	 7.176, 	 136.552, 	 97.573, 	 0.957, 	 2.540, 	 3.497, 	 0.539, 	 140.048, 	 98.112
12, 	 384,	 0.49397,	 7.176, 	 136.650, 	 97.573, 	 0.777, 	 2.587, 	 3.364, 	 0.605, 	 140.014, 	 98.178
12, 	 384,	 0.49341,	 7.176, 	 136.749, 	 97.573, 	 0.623, 	 2.631, 	 3.254, 	 0.677, 	 140.004, 	 98.250
12, 	 384,	 0.49286,	 7.176, 	 136.848, 	 97.573, 	 0.495, 	 2.725, 	 3.220, 	 0.755, 	 140.069, 	 98.328
12, 	 384,	 0.49231,	 7.176, 	 136.948, 	 97.573, 	 0.390, 	 2.660, 	 3.051, 	 0.840, 	 139.998, 	 98.413
12, 	 384,	 0.49176,	 7.176, 	 137.047, 	 97.573, 	 0.305, 	 2.721, 	 3.026, 	 0.932, 	 140.073, 	 98.505
12, 	 384,	 0.49120,	 7.176, 	 137.147, 	 97.573, 	 0.237, 	 2.779, 	 3.016, 	 1.031, 	 140.162, 	 98.603

12, 	 384,	 0.49617,	 7.259, 	 136.257, 	 97.573, 	 1.102, 	 2.581, 	 3.683, 	 0.675, 	 139.940, 	 98.248
12, 	 384,	 0.49562,	 7.259, 	 136.355, 	 97.573, 	 0.902, 	 2.581, 	 3.483, 	 0.754, 	 139.838, 	 98.326
12, 	 384,	 0.49507,	 7.259, 	 136.453, 	 97.573, 	 0.730, 	 2.636, 	 3.366, 	 0.839, 	 139.819, 	 98.412
12, 	 384,	 0.49452,	 7.259, 	 136.552, 	 97.573, 	 0.584, 	 2.705, 	 3.289, 	 0.931, 	 139.840, 	 98.504
12, 	 384,	 0.49397,	 7.259, 	 136.650, 	 97.573, 	 0.462, 	 2.717, 	 3.179, 	 1.030, 	 139.830, 	 98.603

12, 	 384,	 0.49781,	 7.342, 	 135.965, 	 97.573, 	 1.262, 	 2.605, 	 3.866, 	 0.836, 	 139.832, 	 98.408
12, 	 384,	 0.49727,	 7.342, 	 136.062, 	 97.573, 	 1.042, 	 2.642, 	 3.684, 	 0.928, 	 139.746, 	 98.501
12, 	 384,	 0.49672,	 7.342, 	 136.159, 	 97.573, 	 0.850, 	 2.651, 	 3.501, 	 1.027, 	 139.660, 	 98.600
12, 	 384,	 0.49617,	 7.342, 	 136.257, 	 97.573, 	 0.685, 	 2.713, 	 3.398, 	 1.133, 	 139.655, 	 98.706
12, 	 384,	 0.49562,	 7.342, 	 136.355, 	 97.573, 	 0.546, 	 2.697, 	 3.243, 	 1.246, 	 139.598, 	 98.819
12, 	 384,	 0.49507,	 7.342, 	 136.453, 	 97.573, 	 0.432, 	 2.750, 	 3.181, 	 1.366, 	 139.634, 	 98.939
12, 	 384,	 0.49452,	 7.342, 	 136.552, 	 97.573, 	 0.338, 	 2.749, 	 3.087, 	 1.492, 	 139.639, 	 99.065

12, 	 384,	 0.49891,	 7.426, 	 135.773, 	 97.573, 	 1.195, 	 2.625, 	 3.820, 	 1.128, 	 139.593, 	 98.701
12, 	 384,	 0.49836,	 7.426, 	 135.869, 	 97.573, 	 0.983, 	 2.747, 	 3.730, 	 1.241, 	 139.599, 	 98.814
12, 	 384,	 0.49781,	 7.426, 	 135.965, 	 97.573, 	 0.799, 	 2.755, 	 3.554, 	 1.361, 	 139.519, 	 98.934
12, 	 384,	 0.49727,	 7.426, 	 136.062, 	 97.573, 	 0.642, 	 2.780, 	 3.423, 	 1.488, 	 139.485, 	 99.061
12, 	 384,	 0.49672,	 7.426, 	 136.159, 	 97.573, 	 0.511, 	 2.811, 	 3.322, 	 1.621, 	 139.481, 	 99.194
12, 	 384,	 0.49617,	 7.426, 	 136.257, 	 97.573, 	 0.403, 	 2.799, 	 3.202, 	 1.760, 	 139.458, 	 99.333
12, 	 384,	 0.49562,	 7.426, 	 136.355, 	 97.573, 	 0.315, 	 2.841, 	 3.155, 	 1.905, 	 139.510, 	 99.477
12, 	 384,	 0.49507,	 7.426, 	 136.453, 	 97.573, 	 0.245, 	 2.971, 	 3.216, 	 2.055, 	 139.669, 	 99.628

12, 	 384,	 0.50055,	 7.509, 	 135.490, 	 97.573, 	 1.360, 	 2.690, 	 4.050, 	 1.354, 	 139.540, 	 98.927
12, 	 384,	 0.50000,	 7.509, 	 135.584, 	 97.573, 	 1.130, 	 2.698, 	 3.828, 	 1.481, 	 139.412, 	 99.054
12, 	 384,	 0.49945,	 7.509, 	 135.678, 	 97.573, 	 0.927, 	 2.774, 	 3.701, 	 1.614, 	 139.379, 	 99.187
12, 	 384,	 0.49891,	 7.509, 	 135.773, 	 97.573, 	 0.751, 	 2.775, 	 3.526, 	 1.754, 	 139.299, 	 99.326
12, 	 384,	 0.49836,	 7.509, 	 135.869, 	 97.573, 	 0.602, 	 2.801, 	 3.403, 	 1.899, 	 139.272, 	 99.471
12, 	 384,	 0.49781,	 7.509, 	 135.965, 	 97.573, 	 0.477, 	 2.903, 	 3.380, 	 2.049, 	 139.345, 	 99.622
12, 	 384,	 0.49727,	 7.509, 	 136.062, 	 97.573, 	 0.375, 	 2.888, 	 3.263, 	 2.205, 	 139.325, 	 99.778

12, 	 384,	 0.50163,	 7.592, 	 135.307, 	 97.573, 	 1.287, 	 2.735, 	 4.022, 	 1.744, 	 139.329, 	 99.317
12, 	 384,	 0.50109,	 7.592, 	 135.398, 	 97.573, 	 1.066, 	 2.760, 	 3.826, 	 1.890, 	 139.224, 	 99.462
12, 	 384,	 0.50055,	 7.592, 	 135.490, 	 97.573, 	 0.872, 	 2.802, 	 3.674, 	 2.040, 	 139.164, 	 99.613
12, 	 384,	 0.50000,	 7.592, 	 135.584, 	 97.573, 	 0.704, 	 2.802, 	 3.506, 	 2.196, 	 139.090, 	 99.769
12, 	 384,	 0.49945,	 7.592, 	 135.678, 	 97.573, 	 0.563, 	 2.859, 	 3.422, 	 2.357, 	 139.100, 	 99.930
12, 	 384,	 0.49891,	 7.592, 	 135.773, 	 97.573, 	 0.445, 	 2.873, 	 3.319, 	 2.522, 	 139.092, 	 100.095

12, 	 384,	 0.50272,	 7.676, 	 135.128, 	 97.573, 	 1.215, 	 2.758, 	 3.973, 	 2.185, 	 139.101, 	 99.758
12, 	 384,	 0.50218,	 7.676, 	 135.217, 	 97.573, 	 1.003, 	 2.789, 	 3.793, 	 2.346, 	 139.009, 	 99.919
12, 	 384,	 0.50163,	 7.676, 	 135.307, 	 97.573, 	 0.818, 	 2.840, 	 3.658, 	 2.511, 	 138.965, 	 100.084
12, 	 384,	 0.50109,	 7.676, 	 135.398, 	 97.573, 	 0.659, 	 2.975, 	 3.635, 	 2.681, 	 139.033, 	 100.253
12, 	 384,	 0.50055,	 7.676, 	 135.490, 	 97.573, 	 0.526, 	 2.930, 	 3.456, 	 2.854, 	 138.946, 	 100.426
12, 	 384,	 0.50000,	 7.676, 	 135.584, 	 97.573, 	 0.415, 	 3.019, 	 3.434, 	 3.030, 	 139.018, 	 100.603
12, 	 384,	 0.49945,	 7.676, 	 135.678, 	 97.573, 	 0.325, 	 3.006, 	 3.331, 	 3.209, 	 139.009, 	 100.782

12, 	 384,	 0.50435,	 7.759, 	 134.873, 	 97.573, 	 1.370, 	 2.924, 	 4.293, 	 2.497, 	 139.167, 	 100.070
12, 	 384,	 0.50381,	 7.759, 	 134.956, 	 97.573, 	 1.143, 	 2.770, 	 3.912, 	 2.667, 	 138.869, 	 100.239
12, 	 384,	 0.50326,	 7.759, 	 135.041, 	 97.573, 	 0.941, 	 2.847, 	 3.788, 	 2.840, 	 138.829, 	 100.413
12, 	 384,	 0.50272,	 7.759, 	 135.128, 	 97.573, 	 0.766, 	 3.002, 	 3.768, 	 3.017, 	 138.896, 	 100.590
12, 	 384,	 0.50218,	 7.759, 	 135.217, 	 97.573, 	 0.616, 	 3.059, 	 3.675, 	 3.196, 	 138.891, 	 100.769

12, 	 384,	 0.50543,	 7.842, 	 134.715, 	 97.573, 	 1.285, 	 2.879, 	 4.164, 	 3.000, 	 138.879, 	 100.573
12, 	 384,	 0.50489,	 7.842, 	 134.793, 	 97.573, 	 1.069, 	 2.905, 	 3.975, 	 3.180, 	 138.768, 	 100.753
12, 	 384,	 0.50435,	 7.842, 	 134.873, 	 97.573, 	 0.879, 	 2.980, 	 3.859, 	 3.363, 	 138.732, 	 100.936
12, 	 384,	 0.50381,	 7.842, 	 134.956, 	 97.573, 	 0.714, 	 2.970, 	 3.683, 	 3.548, 	 138.640, 	 101.121
12, 	 384,	 0.50326,	 7.842, 	 135.041, 	 97.573, 	 0.573, 	 3.059, 	 3.632, 	 3.736, 	 138.673, 	 101.308
12, 	 384,	 0.50272,	 7.842, 	 135.128, 	 97.573, 	 0.455, 	 3.109, 	 3.564, 	 3.925, 	 138.692, 	 101.498

12, 	 384,	 0.50651,	 7.926, 	 134.568, 	 97.573, 	 1.197, 	 2.971, 	 4.168, 	 3.529, 	 138.736, 	 101.102
12, 	 384,	 0.50597,	 7.926, 	 134.640, 	 97.573, 	 0.995, 	 2.975, 	 3.970, 	 3.717, 	 138.610, 	 101.290
12, 	 384,	 0.50543,	 7.926, 	 134.715, 	 97.573, 	 0.816, 	 3.056, 	 3.872, 	 3.907, 	 138.587, 	 101.480
12, 	 384,	 0.50489,	 7.926, 	 134.793, 	 97.573, 	 0.662, 	 3.145, 	 3.807, 	 4.098, 	 138.600, 	 101.671
12, 	 384,	 0.50435,	 7.926, 	 134.873, 	 97.573, 	 0.531, 	 3.060, 	 3.590, 	 4.291, 	 138.464, 	 101.864
12, 	 384,	 0.50381,	 7.926, 	 134.956, 	 97.573, 	 0.421, 	 3.171, 	 3.592, 	 4.485, 	 138.549, 	 102.058
12, 	 384,	 0.50326,	 7.926, 	 135.041, 	 97.573, 	 0.331, 	 3.121, 	 3.452, 	 4.680, 	 138.494, 	 102.253

12, 	 384,	 0.50759,	 8.009, 	 134.437, 	 97.573, 	 1.107, 	 2.946, 	 4.053, 	 4.077, 	 138.490, 	 101.650
12, 	 384,	 0.50705,	 8.009, 	 134.501, 	 97.573, 	 0.918, 	 3.017, 	 3.935, 	 4.271, 	 138.436, 	 101.844
12, 	 384,	 0.50651,	 8.009, 	 134.568, 	 97.573, 	 0.753, 	 3.019, 	 3.771, 	 4.465, 	 138.340, 	 102.038
12, 	 384,	 0.50597,	 8.009, 	 134.640, 	 97.573, 	 0.610, 	 3.076, 	 3.686, 	 4.661, 	 138.326, 	 102.234
12, 	 384,	 0.50543,	 8.009, 	 134.715, 	 97.573, 	 0.489, 	 3.204, 	 3.693, 	 4.858, 	 138.408, 	 102.431
12, 	 384,	 0.50489,	 8.009, 	 134.793, 	 97.573, 	 0.388, 	 3.146, 	 3.534, 	 5.056, 	 138.327, 	 102.628

12, 	 384,	 0.50920,	 8.092, 	 134.274, 	 97.573, 	 1.205, 	 2.967, 	 4.172, 	 4.442, 	 138.446, 	 102.015
12, 	 384,	 0.50866,	 8.092, 	 134.323, 	 97.573, 	 1.012, 	 3.013, 	 4.025, 	 4.638, 	 138.348, 	 102.211
12, 	 384,	 0.50813,	 8.092, 	 134.377, 	 97.573, 	 0.840, 	 3.119, 	 3.958, 	 4.836, 	 138.336, 	 102.408
12, 	 384,	 0.50759,	 8.092, 	 134.437, 	 97.573, 	 0.688, 	 3.091, 	 3.779, 	 5.034, 	 138.216, 	 102.607
12, 	 384,	 0.50705,	 8.092, 	 134.501, 	 97.573, 	 0.557, 	 3.118, 	 3.675, 	 5.233, 	 138.176, 	 102.806
12, 	 384,	 0.50651,	 8.092, 	 134.568, 	 97.573, 	 0.447, 	 3.171, 	 3.618, 	 5.432, 	 138.186, 	 103.005
12, 	 384,	 0.50597,	 8.092, 	 134.640, 	 97.573, 	 0.355, 	 3.253, 	 3.608, 	 5.632, 	 138.248, 	 103.205

12, 	 384,	 0.50920,	 8.176, 	 134.274, 	 97.573, 	 0.759, 	 3.105, 	 3.863, 	 5.408, 	 138.137, 	 102.981
12, 	 384,	 0.50866,	 8.176, 	 134.323, 	 97.573, 	 0.622, 	 3.084, 	 3.706, 	 5.609, 	 138.029, 	 103.182
12, 	 384,	 0.50813,	 8.176, 	 134.377, 	 97.573, 	 0.504, 	 3.130, 	 3.634, 	 5.810, 	 138.011, 	 103.383
12, 	 384,	 0.50759,	 8.176, 	 134.437, 	 97.573, 	 0.405, 	 3.275, 	 3.679, 	 6.012, 	 138.116, 	 103.585
12, 	 384,	 0.50705,	 8.176, 	 134.501, 	 97.573, 	 0.322, 	 3.241, 	 3.562, 	 6.214, 	 138.063, 	 103.786

12, 	 384,	 0.51081,	 8.259, 	 134.162, 	 97.573, 	 0.814, 	 3.190, 	 4.004, 	 5.783, 	 138.165, 	 103.356
12, 	 384,	 0.51027,	 8.259, 	 134.193, 	 97.573, 	 0.676, 	 3.181, 	 3.856, 	 5.986, 	 138.049, 	 103.558
12, 	 384,	 0.50974,	 8.259, 	 134.230, 	 97.573, 	 0.555, 	 3.271, 	 3.826, 	 6.188, 	 138.056, 	 103.761
12, 	 384,	 0.50920,	 8.259, 	 134.274, 	 97.573, 	 0.450, 	 3.198, 	 3.649, 	 6.391, 	 137.922, 	 103.964
12, 	 384,	 0.50866,	 8.259, 	 134.323, 	 97.573, 	 0.362, 	 3.282, 	 3.645, 	 6.594, 	 137.967, 	 104.167
12, 	 384,	 0.50813,	 8.259, 	 134.377, 	 97.573, 	 0.289, 	 3.412, 	 3.700, 	 6.797, 	 138.078, 	 104.370

12, 	 384,	 0.51081,	 8.342, 	 134.162, 	 97.573, 	 0.487, 	 3.223, 	 3.710, 	 6.770, 	 137.872, 	 104.343
12, 	 384,	 0.51027,	 8.342, 	 134.193, 	 97.573, 	 0.397, 	 3.343, 	 3.739, 	 6.974, 	 137.932, 	 104.547
12, 	 384,	 0.50974,	 8.342, 	 134.230, 	 97.573, 	 0.320, 	 3.512, 	 3.832, 	 7.178, 	 138.062, 	 104.751

12, 	 384,	 0.51241,	 8.426, 	 134.110, 	 97.573, 	 0.508, 	 3.309, 	 3.818, 	 7.149, 	 137.928, 	 104.722
12, 	 384,	 0.51188,	 8.426, 	 134.120, 	 97.573, 	 0.420, 	 3.413, 	 3.832, 	 7.354, 	 137.952, 	 104.926
12, 	 384,	 0.51134,	 8.426, 	 134.137, 	 97.573, 	 0.343, 	 3.401, 	 3.745, 	 7.559, 	 137.882, 	 105.131
12, 	 384,	 0.51081,	 8.426, 	 134.162, 	 97.573, 	 0.278, 	 3.495, 	 3.773, 	 7.764, 	 137.934, 	 105.336
12, 	 384,	 0.51027,	 8.426, 	 134.193, 	 97.573, 	 0.224, 	 3.493, 	 3.716, 	 7.968, 	 137.909, 	 105.541

12, 	 384,	 0.51295,	 8.509, 	 134.108, 	 97.573, 	 0.355, 	 3.431, 	 3.786, 	 7.938, 	 137.894, 	 105.511
12, 	 384,	 0.51241,	 8.509, 	 134.110, 	 97.573, 	 0.291, 	 3.418, 	 3.710, 	 8.144, 	 137.820, 	 105.716
12, 	 384,	 0.51188,	 8.509, 	 134.120, 	 97.573, 	 0.237, 	 3.541, 	 3.778, 	 8.349, 	 137.898, 	 105.922
12, 	 384,	 0.51134,	 8.509, 	 134.137, 	 97.573, 	 0.192, 	 3.433, 	 3.625, 	 8.555, 	 137.763, 	 106.128
12, 	 384,	 0.51081,	 8.509, 	 134.162, 	 97.573, 	 0.154, 	 3.607, 	 3.761, 	 8.760, 	 137.922, 	 106.333
12, 	 384,	 0.51027,	 8.509, 	 134.193, 	 97.573, 	 0.123, 	 3.764, 	 3.887, 	 8.966, 	 138.080, 	 106.538

12, 	 384,	 0.51401,	 8.592, 	 134.125, 	 97.573, 	 0.293, 	 3.523, 	 3.817, 	 8.523, 	 137.942, 	 106.095
12, 	 384,	 0.51348,	 8.592, 	 134.113, 	 97.573, 	 0.242, 	 3.609, 	 3.852, 	 8.729, 	 137.964, 	 106.302
12, 	 384,	 0.51295,	 8.592, 	 134.108, 	 97.573, 	 0.199, 	 3.564, 	 3.762, 	 8.935, 	 137.870, 	 106.508
