m, 	 n, 	 a, 		 B, 		 Tb, 		 Mb, 		 COx, 		 POx, 		 TOx, 		 MOx, 		 Tt, 		 Mt
7, 	 384,	 0.50163,	 11.730, 	 135.307, 	 97.573, 	 12.887, 	 0.582, 	 13.469, 	 0.007, 	 148.776, 	 97.579
7, 	 384,	 0.50109,	 11.730, 	 135.398, 	 97.573, 	 12.489, 	 0.580, 	 13.070, 	 0.008, 	 148.468, 	 97.580
7, 	 384,	 0.50055,	 11.730, 	 135.490, 	 97.573, 	 12.091, 	 0.596, 	 12.687, 	 0.009, 	 148.178, 	 97.582
7, 	 384,	 0.50000,	 11.730, 	 135.584, 	 97.573, 	 11.693, 	 0.580, 	 12.273, 	 0.010, 	 147.857, 	 97.583
7, 	 384,	 0.49945,	 11.730, 	 135.678, 	 97.573, 	 11.293, 	 0.634, 	 11.927, 	 0.012, 	 147.605, 	 97.584
7, 	 384,	 0.49891,	 11.730, 	 135.773, 	 97.573, 	 10.894, 	 0.633, 	 11.526, 	 0.013, 	 147.299, 	 97.586
7, 	 384,	 0.49836,	 11.730, 	 135.869, 	 97.573, 	 10.494, 	 0.635, 	 11.129, 	 0.015, 	 146.998, 	 97.588
7, 	 384,	 0.49781,	 11.730, 	 135.965, 	 97.573, 	 10.094, 	 0.663, 	 10.757, 	 0.018, 	 146.722, 	 97.590
7, 	 384,	 0.49727,	 11.730, 	 136.062, 	 97.573, 	 9.694, 	 0.656, 	 10.350, 	 0.020, 	 146.411, 	 97.593
7, 	 384,	 0.49672,	 11.730, 	 136.159, 	 97.573, 	 9.294, 	 0.666, 	 9.960, 	 0.023, 	 146.119, 	 97.596
7, 	 384,	 0.49617,	 11.730, 	 136.257, 	 97.573, 	 8.894, 	 0.670, 	 9.564, 	 0.027, 	 145.820, 	 97.599
7, 	 384,	 0.49562,	 11.730, 	 136.355, 	 97.573, 	 8.494, 	 0.680, 	 9.175, 	 0.031, 	 145.529, 	 97.603
7, 	 384,	 0.49507,	 11.730, 	 136.453, 	 97.573, 	 8.095, 	 0.733, 	 8.828, 	 0.035, 	 145.281, 	 97.608
7, 	 384,	 0.49452,	 11.730, 	 136.552, 	 97.573, 	 7.696, 	 0.729, 	 8.426, 	 0.040, 	 144.977, 	 97.613
7, 	 384,	 0.49397,	 11.730, 	 136.650, 	 97.573, 	 7.298, 	 0.740, 	 8.038, 	 0.046, 	 144.688, 	 97.619
7, 	 384,	 0.49341,	 11.730, 	 136.749, 	 97.573, 	 6.901, 	 0.774, 	 7.675, 	 0.053, 	 144.424, 	 97.626
7, 	 384,	 0.49286,	 11.730, 	 136.848, 	 97.573, 	 6.505, 	 0.778, 	 7.284, 	 0.061, 	 144.132, 	 97.634
7, 	 384,	 0.49231,	 11.730, 	 136.948, 	 97.573, 	 6.110, 	 0.782, 	 6.893, 	 0.070, 	 143.840, 	 97.642
7, 	 384,	 0.49176,	 11.730, 	 137.047, 	 97.573, 	 5.718, 	 0.806, 	 6.524, 	 0.080, 	 143.571, 	 97.652
7, 	 384,	 0.49120,	 11.730, 	 137.147, 	 97.573, 	 5.327, 	 0.799, 	 6.126, 	 0.091, 	 143.273, 	 97.664
7, 	 384,	 0.49065,	 11.730, 	 137.247, 	 97.573, 	 4.939, 	 0.809, 	 5.748, 	 0.104, 	 142.995, 	 97.677
7, 	 384,	 0.49009,	 11.730, 	 137.346, 	 97.573, 	 4.555, 	 0.853, 	 5.408, 	 0.119, 	 142.755, 	 97.692
7, 	 384,	 0.48954,	 11.730, 	 137.446, 	 97.573, 	 4.176, 	 0.852, 	 5.028, 	 0.136, 	 142.474, 	 97.709
7, 	 384,	 0.48898,	 11.730, 	 137.546, 	 97.573, 	 3.803, 	 0.857, 	 4.660, 	 0.155, 	 142.207, 	 97.728
7, 	 384,	 0.48842,	 11.730, 	 137.646, 	 97.573, 	 3.438, 	 0.879, 	 4.317, 	 0.176, 	 141.963, 	 97.749
7, 	 384,	 0.48787,	 11.730, 	 137.746, 	 97.573, 	 3.082, 	 0.911, 	 3.993, 	 0.201, 	 141.740, 	 97.774
7, 	 384,	 0.48731,	 11.730, 	 137.846, 	 97.573, 	 2.738, 	 0.922, 	 3.660, 	 0.228, 	 141.506, 	 97.801
7, 	 384,	 0.48675,	 11.730, 	 137.947, 	 97.573, 	 2.408, 	 0.952, 	 3.359, 	 0.259, 	 141.306, 	 97.832
7, 	 384,	 0.48619,	 11.730, 	 138.047, 	 97.573, 	 2.094, 	 0.959, 	 3.053, 	 0.293, 	 141.100, 	 97.866
7, 	 384,	 0.48563,	 11.730, 	 138.147, 	 97.573, 	 1.801, 	 0.978, 	 2.779, 	 0.332, 	 140.926, 	 97.905
7, 	 384,	 0.48507,	 11.730, 	 138.247, 	 97.573, 	 1.530, 	 0.988, 	 2.518, 	 0.375, 	 140.765, 	 97.948
7, 	 384,	 0.48451,	 11.730, 	 138.348, 	 97.573, 	 1.284, 	 1.016, 	 2.301, 	 0.423, 	 140.648, 	 97.996
7, 	 384,	 0.48395,	 11.730, 	 138.448, 	 97.573, 	 1.064, 	 1.035, 	 2.099, 	 0.476, 	 140.547, 	 98.048
7, 	 384,	 0.48339,	 11.730, 	 138.548, 	 97.573, 	 0.872, 	 1.066, 	 1.938, 	 0.534, 	 140.487, 	 98.107
7, 	 384,	 0.48283,	 11.730, 	 138.649, 	 97.573, 	 0.706, 	 1.055, 	 1.761, 	 0.598, 	 140.409, 	 98.171
7, 	 384,	 0.48227,	 11.730, 	 138.749, 	 97.573, 	 0.566, 	 1.109, 	 1.675, 	 0.668, 	 140.424, 	 98.241
7, 	 384,	 0.48170,	 11.730, 	 138.850, 	 97.573, 	 0.449, 	 1.086, 	 1.536, 	 0.744, 	 140.385, 	 98.317
7, 	 384,	 0.48114,	 11.730, 	 138.950, 	 97.573, 	 0.354, 	 1.138, 	 1.492, 	 0.826, 	 140.442, 	 98.399
7, 	 384,	 0.48058,	 11.730, 	 139.050, 	 97.573, 	 0.277, 	 1.183, 	 1.460, 	 0.916, 	 140.511, 	 98.488

7, 	 384,	 0.50326,	 11.873, 	 135.041, 	 97.573, 	 13.216, 	 0.578, 	 13.794, 	 0.009, 	 148.835, 	 97.581
7, 	 384,	 0.50272,	 11.873, 	 135.128, 	 97.573, 	 12.822, 	 0.580, 	 13.402, 	 0.010, 	 148.530, 	 97.583
7, 	 384,	 0.50218,	 11.873, 	 135.217, 	 97.573, 	 12.426, 	 0.626, 	 13.052, 	 0.011, 	 148.269, 	 97.584
7, 	 384,	 0.50163,	 11.873, 	 135.307, 	 97.573, 	 12.030, 	 0.601, 	 12.631, 	 0.013, 	 147.938, 	 97.586
7, 	 384,	 0.50109,	 11.873, 	 135.398, 	 97.573, 	 11.633, 	 0.617, 	 12.249, 	 0.015, 	 147.647, 	 97.588
7, 	 384,	 0.50055,	 11.873, 	 135.490, 	 97.573, 	 11.234, 	 0.664, 	 11.898, 	 0.017, 	 147.389, 	 97.590
7, 	 384,	 0.50000,	 11.873, 	 135.584, 	 97.573, 	 10.836, 	 0.643, 	 11.479, 	 0.020, 	 147.063, 	 97.593
7, 	 384,	 0.49945,	 11.873, 	 135.678, 	 97.573, 	 10.437, 	 0.660, 	 11.097, 	 0.023, 	 146.775, 	 97.596
7, 	 384,	 0.49891,	 11.873, 	 135.773, 	 97.573, 	 10.037, 	 0.662, 	 10.699, 	 0.026, 	 146.472, 	 97.599
7, 	 384,	 0.49836,	 11.873, 	 135.869, 	 97.573, 	 9.638, 	 0.670, 	 10.307, 	 0.030, 	 146.176, 	 97.603
7, 	 384,	 0.49781,	 11.873, 	 135.965, 	 97.573, 	 9.238, 	 0.727, 	 9.965, 	 0.035, 	 145.930, 	 97.608
7, 	 384,	 0.49727,	 11.873, 	 136.062, 	 97.573, 	 8.838, 	 0.680, 	 9.518, 	 0.040, 	 145.580, 	 97.613
7, 	 384,	 0.49672,	 11.873, 	 136.159, 	 97.573, 	 8.439, 	 0.730, 	 9.168, 	 0.046, 	 145.328, 	 97.619
7, 	 384,	 0.49617,	 11.873, 	 136.257, 	 97.573, 	 8.039, 	 0.738, 	 8.777, 	 0.053, 	 145.034, 	 97.626
7, 	 384,	 0.49562,	 11.873, 	 136.355, 	 97.573, 	 7.641, 	 0.753, 	 8.394, 	 0.061, 	 144.748, 	 97.633
7, 	 384,	 0.49507,	 11.873, 	 136.453, 	 97.573, 	 7.242, 	 0.750, 	 7.992, 	 0.069, 	 144.445, 	 97.642
7, 	 384,	 0.49452,	 11.873, 	 136.552, 	 97.573, 	 6.845, 	 0.771, 	 7.616, 	 0.080, 	 144.167, 	 97.652
7, 	 384,	 0.49397,	 11.873, 	 136.650, 	 97.573, 	 6.449, 	 0.800, 	 7.248, 	 0.091, 	 143.899, 	 97.664
7, 	 384,	 0.49341,	 11.873, 	 136.749, 	 97.573, 	 6.054, 	 0.788, 	 6.841, 	 0.104, 	 143.591, 	 97.677
7, 	 384,	 0.49286,	 11.873, 	 136.848, 	 97.573, 	 5.661, 	 0.805, 	 6.466, 	 0.119, 	 143.315, 	 97.692
7, 	 384,	 0.49231,	 11.873, 	 136.948, 	 97.573, 	 5.270, 	 0.839, 	 6.110, 	 0.136, 	 143.057, 	 97.709
7, 	 384,	 0.49176,	 11.873, 	 137.047, 	 97.573, 	 4.882, 	 0.876, 	 5.758, 	 0.155, 	 142.806, 	 97.728
7, 	 384,	 0.49120,	 11.873, 	 137.147, 	 97.573, 	 4.499, 	 0.870, 	 5.369, 	 0.177, 	 142.516, 	 97.750
7, 	 384,	 0.49065,	 11.873, 	 137.247, 	 97.573, 	 4.120, 	 0.895, 	 5.015, 	 0.201, 	 142.262, 	 97.774
7, 	 384,	 0.49009,	 11.873, 	 137.346, 	 97.573, 	 3.747, 	 0.929, 	 4.676, 	 0.229, 	 142.022, 	 97.802
7, 	 384,	 0.48954,	 11.873, 	 137.446, 	 97.573, 	 3.383, 	 0.934, 	 4.317, 	 0.260, 	 141.763, 	 97.833
7, 	 384,	 0.48898,	 11.873, 	 137.546, 	 97.573, 	 3.028, 	 0.933, 	 3.961, 	 0.295, 	 141.507, 	 97.868
7, 	 384,	 0.48842,	 11.873, 	 137.646, 	 97.573, 	 2.685, 	 0.956, 	 3.641, 	 0.334, 	 141.287, 	 97.906
7, 	 384,	 0.48787,	 11.873, 	 137.746, 	 97.573, 	 2.357, 	 0.962, 	 3.319, 	 0.377, 	 141.065, 	 97.950
7, 	 384,	 0.48731,	 11.873, 	 137.846, 	 97.573, 	 2.046, 	 0.994, 	 3.041, 	 0.425, 	 140.887, 	 97.998
7, 	 384,	 0.48675,	 11.873, 	 137.947, 	 97.573, 	 1.756, 	 1.014, 	 2.769, 	 0.478, 	 140.716, 	 98.051
7, 	 384,	 0.48619,	 11.873, 	 138.047, 	 97.573, 	 1.488, 	 1.023, 	 2.512, 	 0.537, 	 140.559, 	 98.110
7, 	 384,	 0.48563,	 11.873, 	 138.147, 	 97.573, 	 1.246, 	 1.057, 	 2.303, 	 0.602, 	 140.450, 	 98.175
7, 	 384,	 0.48507,	 11.873, 	 138.247, 	 97.573, 	 1.030, 	 1.079, 	 2.109, 	 0.672, 	 140.356, 	 98.245
7, 	 384,	 0.48451,	 11.873, 	 138.348, 	 97.573, 	 0.842, 	 1.099, 	 1.941, 	 0.749, 	 140.289, 	 98.322
7, 	 384,	 0.48395,	 11.873, 	 138.448, 	 97.573, 	 0.680, 	 1.085, 	 1.766, 	 0.833, 	 140.214, 	 98.406
7, 	 384,	 0.48339,	 11.873, 	 138.548, 	 97.573, 	 0.544, 	 1.130, 	 1.675, 	 0.923, 	 140.223, 	 98.496
7, 	 384,	 0.48283,	 11.873, 	 138.649, 	 97.573, 	 0.431, 	 1.122, 	 1.553, 	 1.019, 	 140.202, 	 98.592
7, 	 384,	 0.48227,	 11.873, 	 138.749, 	 97.573, 	 0.339, 	 1.169, 	 1.508, 	 1.123, 	 140.257, 	 98.695
7, 	 384,	 0.48170,	 11.873, 	 138.850, 	 97.573, 	 0.265, 	 1.183, 	 1.448, 	 1.232, 	 140.298, 	 98.805

7, 	 384,	 0.48675,	 12.015, 	 137.947, 	 97.573, 	 1.209, 	 1.077, 	 2.286, 	 0.837, 	 140.233, 	 98.410
7, 	 384,	 0.48619,	 12.015, 	 138.047, 	 97.573, 	 0.998, 	 1.089, 	 2.086, 	 0.928, 	 140.133, 	 98.501
7, 	 384,	 0.48563,	 12.015, 	 138.147, 	 97.573, 	 0.813, 	 1.168, 	 1.981, 	 1.025, 	 140.128, 	 98.598
7, 	 384,	 0.48507,	 12.015, 	 138.247, 	 97.573, 	 0.656, 	 1.140, 	 1.796, 	 1.129, 	 140.044, 	 98.702
7, 	 384,	 0.48451,	 12.015, 	 138.348, 	 97.573, 	 0.524, 	 1.149, 	 1.673, 	 1.240, 	 140.020, 	 98.813
7, 	 384,	 0.48395,	 12.015, 	 138.448, 	 97.573, 	 0.414, 	 1.212, 	 1.627, 	 1.357, 	 140.075, 	 98.930
7, 	 384,	 0.48339,	 12.015, 	 138.548, 	 97.573, 	 0.325, 	 1.222, 	 1.547, 	 1.481, 	 140.096, 	 99.054

7, 	 384,	 0.48787,	 12.158, 	 137.746, 	 97.573, 	 1.174, 	 1.112, 	 2.285, 	 1.134, 	 140.032, 	 98.707
7, 	 384,	 0.48731,	 12.158, 	 137.846, 	 97.573, 	 0.966, 	 1.124, 	 2.090, 	 1.245, 	 139.936, 	 98.818
7, 	 384,	 0.48675,	 12.158, 	 137.947, 	 97.573, 	 0.786, 	 1.145, 	 1.931, 	 1.363, 	 139.878, 	 98.936
7, 	 384,	 0.48619,	 12.158, 	 138.047, 	 97.573, 	 0.632, 	 1.196, 	 1.828, 	 1.488, 	 139.875, 	 99.061
7, 	 384,	 0.48563,	 12.158, 	 138.147, 	 97.573, 	 0.504, 	 1.172, 	 1.676, 	 1.618, 	 139.823, 	 99.191
7, 	 384,	 0.48507,	 12.158, 	 138.247, 	 97.573, 	 0.398, 	 1.226, 	 1.624, 	 1.755, 	 139.871, 	 99.328
7, 	 384,	 0.48451,	 12.158, 	 138.348, 	 97.573, 	 0.312, 	 1.236, 	 1.549, 	 1.897, 	 139.896, 	 99.470

7, 	 384,	 0.48954,	 12.301, 	 137.446, 	 97.573, 	 1.371, 	 1.133, 	 2.503, 	 1.367, 	 139.950, 	 98.940
7, 	 384,	 0.48898,	 12.301, 	 137.546, 	 97.573, 	 1.140, 	 1.155, 	 2.295, 	 1.492, 	 139.841, 	 99.065
7, 	 384,	 0.48842,	 12.301, 	 137.646, 	 97.573, 	 0.936, 	 1.183, 	 2.119, 	 1.623, 	 139.765, 	 99.196
7, 	 384,	 0.48787,	 12.301, 	 137.746, 	 97.573, 	 0.760, 	 1.200, 	 1.960, 	 1.761, 	 139.706, 	 99.334
7, 	 384,	 0.48731,	 12.301, 	 137.846, 	 97.573, 	 0.610, 	 1.205, 	 1.815, 	 1.904, 	 139.661, 	 99.476
7, 	 384,	 0.48675,	 12.301, 	 137.947, 	 97.573, 	 0.485, 	 1.211, 	 1.697, 	 2.052, 	 139.643, 	 99.625
7, 	 384,	 0.48619,	 12.301, 	 138.047, 	 97.573, 	 0.383, 	 1.258, 	 1.641, 	 2.205, 	 139.687, 	 99.777
7, 	 384,	 0.48563,	 12.301, 	 138.147, 	 97.573, 	 0.300, 	 1.304, 	 1.603, 	 2.362, 	 139.750, 	 99.935

7, 	 384,	 0.49065,	 12.444, 	 137.247, 	 97.573, 	 1.334, 	 1.159, 	 2.494, 	 1.763, 	 139.740, 	 99.336
7, 	 384,	 0.49009,	 12.444, 	 137.346, 	 97.573, 	 1.107, 	 1.162, 	 2.269, 	 1.907, 	 139.616, 	 99.480
7, 	 384,	 0.48954,	 12.444, 	 137.446, 	 97.573, 	 0.907, 	 1.243, 	 2.151, 	 2.056, 	 139.597, 	 99.629
7, 	 384,	 0.48898,	 12.444, 	 137.546, 	 97.573, 	 0.735, 	 1.242, 	 1.978, 	 2.210, 	 139.524, 	 99.783
7, 	 384,	 0.48842,	 12.444, 	 137.646, 	 97.573, 	 0.589, 	 1.249, 	 1.838, 	 2.368, 	 139.484, 	 99.941
7, 	 384,	 0.48787,	 12.444, 	 137.746, 	 97.573, 	 0.468, 	 1.237, 	 1.704, 	 2.530, 	 139.451, 	 100.103
7, 	 384,	 0.48731,	 12.444, 	 137.846, 	 97.573, 	 0.368, 	 1.251, 	 1.619, 	 2.697, 	 139.466, 	 100.269
7, 	 384,	 0.48675,	 12.444, 	 137.947, 	 97.573, 	 0.288, 	 1.323, 	 1.611, 	 2.866, 	 139.557, 	 100.439

7, 	 384,	 0.49176,	 12.587, 	 137.047, 	 97.573, 	 1.299, 	 1.174, 	 2.473, 	 2.211, 	 139.520, 	 99.784
7, 	 384,	 0.49120,	 12.587, 	 137.147, 	 97.573, 	 1.076, 	 1.220, 	 2.296, 	 2.370, 	 139.443, 	 99.943
7, 	 384,	 0.49065,	 12.587, 	 137.247, 	 97.573, 	 0.880, 	 1.286, 	 2.166, 	 2.534, 	 139.412, 	 100.106
7, 	 384,	 0.49009,	 12.587, 	 137.346, 	 97.573, 	 0.711, 	 1.228, 	 1.939, 	 2.701, 	 139.286, 	 100.274
7, 	 384,	 0.48954,	 12.587, 	 137.446, 	 97.573, 	 0.569, 	 1.313, 	 1.882, 	 2.871, 	 139.328, 	 100.444
7, 	 384,	 0.48898,	 12.587, 	 137.546, 	 97.573, 	 0.451, 	 1.266, 	 1.717, 	 3.045, 	 139.263, 	 100.618
7, 	 384,	 0.48842,	 12.587, 	 137.646, 	 97.573, 	 0.354, 	 1.321, 	 1.675, 	 3.221, 	 139.321, 	 100.794
7, 	 384,	 0.48787,	 12.587, 	 137.746, 	 97.573, 	 0.277, 	 1.346, 	 1.623, 	 3.400, 	 139.369, 	 100.973

7, 	 384,	 0.49341,	 12.730, 	 136.749, 	 97.573, 	 1.512, 	 1.184, 	 2.696, 	 2.533, 	 139.445, 	 100.106
7, 	 384,	 0.49286,	 12.730, 	 136.848, 	 97.573, 	 1.265, 	 1.184, 	 2.449, 	 2.701, 	 139.298, 	 100.274
7, 	 384,	 0.49231,	 12.730, 	 136.948, 	 97.573, 	 1.045, 	 1.278, 	 2.324, 	 2.872, 	 139.272, 	 100.445
7, 	 384,	 0.49176,	 12.730, 	 137.047, 	 97.573, 	 0.853, 	 1.273, 	 2.127, 	 3.047, 	 139.174, 	 100.619
7, 	 384,	 0.49120,	 12.730, 	 137.147, 	 97.573, 	 0.688, 	 1.296, 	 1.984, 	 3.224, 	 139.131, 	 100.797
7, 	 384,	 0.49065,	 12.730, 	 137.247, 	 97.573, 	 0.550, 	 1.342, 	 1.892, 	 3.403, 	 139.138, 	 100.976
7, 	 384,	 0.49009,	 12.730, 	 137.346, 	 97.573, 	 0.435, 	 1.402, 	 1.837, 	 3.585, 	 139.184, 	 101.158

7, 	 384,	 0.49397,	 12.873, 	 136.650, 	 97.573, 	 1.232, 	 1.285, 	 2.517, 	 3.223, 	 139.167, 	 100.795
7, 	 384,	 0.49341,	 12.873, 	 136.749, 	 97.573, 	 1.016, 	 1.314, 	 2.331, 	 3.403, 	 139.080, 	 100.976
7, 	 384,	 0.49286,	 12.873, 	 136.848, 	 97.573, 	 0.828, 	 1.327, 	 2.155, 	 3.586, 	 139.003, 	 101.158
7, 	 384,	 0.49231,	 12.873, 	 136.948, 	 97.573, 	 0.667, 	 1.347, 	 2.013, 	 3.770, 	 138.961, 	 101.343
7, 	 384,	 0.49176,	 12.873, 	 137.047, 	 97.573, 	 0.531, 	 1.358, 	 1.889, 	 3.957, 	 138.936, 	 101.529
7, 	 384,	 0.49120,	 12.873, 	 137.147, 	 97.573, 	 0.420, 	 1.393, 	 1.813, 	 4.144, 	 138.960, 	 101.717
7, 	 384,	 0.49065,	 12.873, 	 137.247, 	 97.573, 	 0.329, 	 1.404, 	 1.732, 	 4.334, 	 138.979, 	 101.906

7, 	 384,	 0.49507,	 13.015, 	 136.453, 	 97.573, 	 1.200, 	 1.318, 	 2.518, 	 3.767, 	 138.971, 	 101.340
7, 	 384,	 0.49452,	 13.015, 	 136.552, 	 97.573, 	 0.988, 	 1.297, 	 2.284, 	 3.955, 	 138.836, 	 101.527
7, 	 384,	 0.49397,	 13.015, 	 136.650, 	 97.573, 	 0.803, 	 1.309, 	 2.113, 	 4.143, 	 138.763, 	 101.716
7, 	 384,	 0.49341,	 13.015, 	 136.749, 	 97.573, 	 0.646, 	 1.399, 	 2.044, 	 4.333, 	 138.794, 	 101.906
7, 	 384,	 0.49286,	 13.015, 	 136.848, 	 97.573, 	 0.514, 	 1.387, 	 1.900, 	 4.524, 	 138.749, 	 102.097
7, 	 384,	 0.49231,	 13.015, 	 136.948, 	 97.573, 	 0.405, 	 1.421, 	 1.826, 	 4.716, 	 138.774, 	 102.289
7, 	 384,	 0.49176,	 13.015, 	 137.047, 	 97.573, 	 0.317, 	 1.412, 	 1.729, 	 4.909, 	 138.777, 	 102.482

7, 	 384,	 0.49617,	 13.158, 	 136.257, 	 97.573, 	 1.169, 	 1.331, 	 2.500, 	 4.329, 	 138.757, 	 101.901
7, 	 384,	 0.49562,	 13.158, 	 136.355, 	 97.573, 	 0.960, 	 1.338, 	 2.298, 	 4.521, 	 138.653, 	 102.093
7, 	 384,	 0.49507,	 13.158, 	 136.453, 	 97.573, 	 0.779, 	 1.395, 	 2.174, 	 4.713, 	 138.627, 	 102.286
7, 	 384,	 0.49452,	 13.158, 	 136.552, 	 97.573, 	 0.625, 	 1.408, 	 2.034, 	 4.907, 	 138.585, 	 102.480
7, 	 384,	 0.49397,	 13.158, 	 136.650, 	 97.573, 	 0.497, 	 1.396, 	 1.893, 	 5.102, 	 138.543, 	 102.675
7, 	 384,	 0.49341,	 13.158, 	 136.749, 	 97.573, 	 0.391, 	 1.482, 	 1.873, 	 5.297, 	 138.622, 	 102.870
7, 	 384,	 0.49286,	 13.158, 	 136.848, 	 97.573, 	 0.306, 	 1.546, 	 1.852, 	 5.493, 	 138.700, 	 103.065

7, 	 384,	 0.49781,	 13.301, 	 135.965, 	 97.573, 	 1.370, 	 1.351, 	 2.721, 	 4.706, 	 138.686, 	 102.279
7, 	 384,	 0.49727,	 13.301, 	 136.062, 	 97.573, 	 1.138, 	 1.371, 	 2.509, 	 4.901, 	 138.570, 	 102.474
7, 	 384,	 0.49672,	 13.301, 	 136.159, 	 97.573, 	 0.933, 	 1.378, 	 2.311, 	 5.096, 	 138.471, 	 102.669
7, 	 384,	 0.49617,	 13.301, 	 136.257, 	 97.573, 	 0.756, 	 1.437, 	 2.193, 	 5.292, 	 138.450, 	 102.865
7, 	 384,	 0.49562,	 13.301, 	 136.355, 	 97.573, 	 0.606, 	 1.462, 	 2.068, 	 5.489, 	 138.423, 	 103.062
7, 	 384,	 0.49507,	 13.301, 	 136.453, 	 97.573, 	 0.481, 	 1.509, 	 1.990, 	 5.686, 	 138.443, 	 103.259
7, 	 384,	 0.49452,	 13.301, 	 136.552, 	 97.573, 	 0.378, 	 1.542, 	 1.920, 	 5.883, 	 138.472, 	 103.456

7, 	 384,	 0.49891,	 13.444, 	 135.773, 	 97.573, 	 1.335, 	 1.370, 	 2.706, 	 5.284, 	 138.479, 	 102.856
7, 	 384,	 0.49836,	 13.444, 	 135.869, 	 97.573, 	 1.107, 	 1.453, 	 2.560, 	 5.481, 	 138.429, 	 103.054
7, 	 384,	 0.49781,	 13.444, 	 135.965, 	 97.573, 	 0.907, 	 1.475, 	 2.381, 	 5.679, 	 138.346, 	 103.251
7, 	 384,	 0.49727,	 13.444, 	 136.062, 	 97.573, 	 0.734, 	 1.472, 	 2.206, 	 5.877, 	 138.268, 	 103.450
7, 	 384,	 0.49672,	 13.444, 	 136.159, 	 97.573, 	 0.587, 	 1.450, 	 2.037, 	 6.075, 	 138.197, 	 103.648
7, 	 384,	 0.49617,	 13.444, 	 136.257, 	 97.573, 	 0.465, 	 1.482, 	 1.947, 	 6.274, 	 138.204, 	 103.847
7, 	 384,	 0.49562,	 13.444, 	 136.355, 	 97.573, 	 0.365, 	 1.576, 	 1.941, 	 6.473, 	 138.296, 	 104.045

7, 	 384,	 0.49945,	 13.587, 	 135.678, 	 97.573, 	 1.077, 	 1.429, 	 2.506, 	 6.065, 	 138.184, 	 103.638
7, 	 384,	 0.49891,	 13.587, 	 135.773, 	 97.573, 	 0.880, 	 1.502, 	 2.383, 	 6.265, 	 138.156, 	 103.838
7, 	 384,	 0.49836,	 13.587, 	 135.869, 	 97.573, 	 0.711, 	 1.436, 	 2.148, 	 6.465, 	 138.017, 	 104.037
7, 	 384,	 0.49781,	 13.587, 	 135.965, 	 97.573, 	 0.568, 	 1.529, 	 2.097, 	 6.664, 	 138.063, 	 104.237
7, 	 384,	 0.49727,	 13.587, 	 136.062, 	 97.573, 	 0.450, 	 1.528, 	 1.977, 	 6.864, 	 138.039, 	 104.437

7, 	 384,	 0.50109,	 13.730, 	 135.398, 	 97.573, 	 1.265, 	 1.487, 	 2.752, 	 6.452, 	 138.150, 	 104.025
7, 	 384,	 0.50055,	 13.730, 	 135.490, 	 97.573, 	 1.046, 	 1.537, 	 2.584, 	 6.653, 	 138.074, 	 104.226
7, 	 384,	 0.50000,	 13.730, 	 135.584, 	 97.573, 	 0.854, 	 1.526, 	 2.380, 	 6.854, 	 137.964, 	 104.427
7, 	 384,	 0.49945,	 13.730, 	 135.678, 	 97.573, 	 0.689, 	 1.546, 	 2.235, 	 7.055, 	 137.914, 	 104.627
7, 	 384,	 0.49891,	 13.730, 	 135.773, 	 97.573, 	 0.550, 	 1.580, 	 2.130, 	 7.256, 	 137.903, 	 104.828
7, 	 384,	 0.49836,	 13.730, 	 135.869, 	 97.573, 	 0.435, 	 1.551, 	 1.986, 	 7.456, 	 137.855, 	 105.029
7, 	 384,	 0.49781,	 13.730, 	 135.965, 	 97.573, 	 0.341, 	 1.648, 	 1.989, 	 7.657, 	 137.954, 	 105.230
7, 	 384,	 0.49727,	 13.730, 	 136.062, 	 97.573, 	 0.265, 	 1.647, 	 1.912, 	 7.858, 	 137.974, 	 105.431

7, 	 384,	 0.50272,	 13.873, 	 135.128, 	 97.573, 	 1.469, 	 1.464, 	 2.933, 	 6.839, 	 138.061, 	 104.412
7, 	 384,	 0.50218,	 13.873, 	 135.217, 	 97.573, 	 1.229, 	 1.533, 	 2.762, 	 7.041, 	 137.979, 	 104.614
7, 	 384,	 0.50163,	 13.873, 	 135.307, 	 97.573, 	 1.015, 	 1.554, 	 2.569, 	 7.242, 	 137.876, 	 104.815
7, 	 384,	 0.50109,	 13.873, 	 135.398, 	 97.573, 	 0.828, 	 1.552, 	 2.380, 	 7.444, 	 137.778, 	 105.017
7, 	 384,	 0.50055,	 13.873, 	 135.490, 	 97.573, 	 0.667, 	 1.593, 	 2.260, 	 7.646, 	 137.751, 	 105.219
7, 	 384,	 0.50000,	 13.873, 	 135.584, 	 97.573, 	 0.532, 	 1.601, 	 2.133, 	 7.848, 	 137.717, 	 105.420
7, 	 384,	 0.49945,	 13.873, 	 135.678, 	 97.573, 	 0.420, 	 1.698, 	 2.119, 	 8.049, 	 137.797, 	 105.622
7, 	 384,	 0.49891,	 13.873, 	 135.773, 	 97.573, 	 0.329, 	 1.666, 	 1.995, 	 8.251, 	 137.769, 	 105.824

7, 	 384,	 0.50326,	 14.015, 	 135.041, 	 97.573, 	 1.190, 	 1.573, 	 2.763, 	 7.630, 	 137.804, 	 105.203
7, 	 384,	 0.50272,	 14.015, 	 135.128, 	 97.573, 	 0.982, 	 1.564, 	 2.546, 	 7.833, 	 137.674, 	 105.406
7, 	 384,	 0.50218,	 14.015, 	 135.217, 	 97.573, 	 0.801, 	 1.589, 	 2.390, 	 8.035, 	 137.606, 	 105.608
7, 	 384,	 0.50163,	 14.015, 	 135.307, 	 97.573, 	 0.645, 	 1.607, 	 2.252, 	 8.238, 	 137.559, 	 105.811
7, 	 384,	 0.50109,	 14.015, 	 135.398, 	 97.573, 	 0.514, 	 1.693, 	 2.206, 	 8.440, 	 137.605, 	 106.013
7, 	 384,	 0.50055,	 14.015, 	 135.490, 	 97.573, 	 0.406, 	 1.692, 	 2.098, 	 8.642, 	 137.588, 	 106.215

7, 	 384,	 0.50435,	 14.158, 	 134.873, 	 97.573, 	 1.150, 	 1.560, 	 2.709, 	 8.220, 	 137.583, 	 105.793
7, 	 384,	 0.50381,	 14.158, 	 134.956, 	 97.573, 	 0.948, 	 1.609, 	 2.558, 	 8.424, 	 137.514, 	 105.996
7, 	 384,	 0.50326,	 14.158, 	 135.041, 	 97.573, 	 0.772, 	 1.659, 	 2.431, 	 8.627, 	 137.473, 	 106.199
7, 	 384,	 0.50272,	 14.158, 	 135.128, 	 97.573, 	 0.622, 	 1.696, 	 2.318, 	 8.830, 	 137.446, 	 106.402
7, 	 384,	 0.50218,	 14.158, 	 135.217, 	 97.573, 	 0.495, 	 1.710, 	 2.205, 	 9.033, 	 137.422, 	 106.605
7, 	 384,	 0.50163,	 14.158, 	 135.307, 	 97.573, 	 0.391, 	 1.775, 	 2.166, 	 9.235, 	 137.473, 	 106.808
7, 	 384,	 0.50109,	 14.158, 	 135.398, 	 97.573, 	 0.306, 	 1.800, 	 2.106, 	 9.438, 	 137.504, 	 107.011

7, 	 384,	 0.50597,	 14.301, 	 134.640, 	 97.573, 	 1.323, 	 1.618, 	 2.942, 	 8.607, 	 137.582, 	 106.180
7, 	 384,	 0.50543,	 14.301, 	 134.715, 	 97.573, 	 1.105, 	 1.634, 	 2.739, 	 8.811, 	 137.454, 	 106.383
7, 	 384,	 0.50489,	 14.301, 	 134.793, 	 97.573, 	 0.911, 	 1.713, 	 2.625, 	 9.014, 	 137.418, 	 106.587
7, 	 384,	 0.50435,	 14.301, 	 134.873, 	 97.573, 	 0.742, 	 1.723, 	 2.466, 	 9.218, 	 137.339, 	 106.791
7, 	 384,	 0.50381,	 14.301, 	 134.956, 	 97.573, 	 0.597, 	 1.739, 	 2.336, 	 9.421, 	 137.293, 	 106.994
7, 	 384,	 0.50326,	 14.301, 	 135.041, 	 97.573, 	 0.476, 	 1.809, 	 2.285, 	 9.625, 	 137.327, 	 107.198
7, 	 384,	 0.50272,	 14.301, 	 135.128, 	 97.573, 	 0.376, 	 1.798, 	 2.173, 	 9.828, 	 137.302, 	 107.401

7, 	 384,	 0.50705,	 14.444, 	 134.501, 	 97.573, 	 1.265, 	 1.637, 	 2.903, 	 9.196, 	 137.403, 	 106.769
7, 	 384,	 0.50651,	 14.444, 	 134.568, 	 97.573, 	 1.057, 	 1.688, 	 2.745, 	 9.401, 	 137.314, 	 106.974
7, 	 384,	 0.50597,	 14.444, 	 134.640, 	 97.573, 	 0.871, 	 1.711, 	 2.583, 	 9.605, 	 137.223, 	 107.178
7, 	 384,	 0.50543,	 14.444, 	 134.715, 	 97.573, 	 0.710, 	 1.716, 	 2.426, 	 9.809, 	 137.141, 	 107.382
7, 	 384,	 0.50489,	 14.444, 	 134.793, 	 97.573, 	 0.572, 	 1.810, 	 2.382, 	 10.013, 	 137.175, 	 107.586
7, 	 384,	 0.50435,	 14.444, 	 134.873, 	 97.573, 	 0.456, 	 1.825, 	 2.280, 	 10.217, 	 137.154, 	 107.790

7, 	 384,	 0.50866,	 14.587, 	 134.323, 	 97.573, 	 1.418, 	 1.663, 	 3.081, 	 9.581, 	 137.404, 	 107.154
7, 	 384,	 0.50813,	 14.587, 	 134.377, 	 97.573, 	 1.200, 	 1.694, 	 2.894, 	 9.786, 	 137.271, 	 107.359
7, 	 384,	 0.50759,	 14.587, 	 134.437, 	 97.573, 	 1.003, 	 1.776, 	 2.779, 	 9.991, 	 137.216, 	 107.563
7, 	 384,	 0.50705,	 14.587, 	 134.501, 	 97.573, 	 0.828, 	 1.770, 	 2.597, 	 10.195, 	 137.098, 	 107.768
7, 	 384,	 0.50651,	 14.587, 	 134.568, 	 97.573, 	 0.675, 	 1.792, 	 2.467, 	 10.400, 	 137.035, 	 107.973
7, 	 384,	 0.50597,	 14.587, 	 134.640, 	 97.573, 	 0.544, 	 1.840, 	 2.384, 	 10.604, 	 137.024, 	 108.177
7, 	 384,	 0.50543,	 14.587, 	 134.715, 	 97.573, 	 0.434, 	 1.848, 	 2.282, 	 10.808, 	 136.997, 	 108.381
7, 	 384,	 0.50489,	 14.587, 	 134.793, 	 97.573, 	 0.343, 	 1.865, 	 2.209, 	 11.012, 	 137.001, 	 108.585
7, 	 384,	 0.50435,	 14.587, 	 134.873, 	 97.573, 	 0.269, 	 1.956, 	 2.225, 	 11.216, 	 137.099, 	 108.789

7, 	 384,	 0.50866,	 14.730, 	 134.323, 	 97.573, 	 0.943, 	 1.823, 	 2.766, 	 10.580, 	 137.089, 	 108.153
7, 	 384,	 0.50813,	 14.730, 	 134.377, 	 97.573, 	 0.779, 	 1.813, 	 2.593, 	 10.785, 	 136.970, 	 108.358
7, 	 384,	 0.50759,	 14.730, 	 134.437, 	 97.573, 	 0.636, 	 1.847, 	 2.484, 	 10.990, 	 136.920, 	 108.563
7, 	 384,	 0.50705,	 14.730, 	 134.501, 	 97.573, 	 0.514, 	 1.862, 	 2.375, 	 11.195, 	 136.876, 	 108.767
7, 	 384,	 0.50651,	 14.730, 	 134.568, 	 97.573, 	 0.411, 	 1.899, 	 2.310, 	 11.399, 	 136.878, 	 108.972
7, 	 384,	 0.50597,	 14.730, 	 134.640, 	 97.573, 	 0.325, 	 1.968, 	 2.293, 	 11.604, 	 136.933, 	 109.176

7, 	 384,	 0.50974,	 14.873, 	 134.230, 	 97.573, 	 0.877, 	 1.876, 	 2.754, 	 11.169, 	 136.984, 	 108.742
7, 	 384,	 0.50920,	 14.873, 	 134.274, 	 97.573, 	 0.726, 	 1.862, 	 2.588, 	 11.374, 	 136.861, 	 108.947
7, 	 384,	 0.50866,	 14.873, 	 134.323, 	 97.573, 	 0.594, 	 1.879, 	 2.473, 	 11.580, 	 136.796, 	 109.152
7, 	 384,	 0.50813,	 14.873, 	 134.377, 	 97.573, 	 0.481, 	 1.902, 	 2.383, 	 11.785, 	 136.761, 	 109.357
7, 	 384,	 0.50759,	 14.873, 	 134.437, 	 97.573, 	 0.385, 	 1.936, 	 2.321, 	 11.990, 	 136.758, 	 109.562
7, 	 384,	 0.50705,	 14.873, 	 134.501, 	 97.573, 	 0.306, 	 1.968, 	 2.274, 	 12.194, 	 136.775, 	 109.767
7, 	 384,	 0.50651,	 14.873, 	 134.568, 	 97.573, 	 0.241, 	 1.988, 	 2.229, 	 12.399, 	 136.797, 	 109.972

7, 	 384,	 0.51081,	 15.015, 	 134.162, 	 97.573, 	 0.805, 	 1.818, 	 2.623, 	 11.757, 	 136.785, 	 109.330
7, 	 384,	 0.51027,	 15.015, 	 134.193, 	 97.573, 	 0.668, 	 1.847, 	 2.515, 	 11.963, 	 136.708, 	 109.536
7, 	 384,	 0.50974,	 15.015, 	 134.230, 	 97.573, 	 0.548, 	 1.851, 	 2.399, 	 12.169, 	 136.629, 	 109.741
7, 	 384,	 0.50920,	 15.015, 	 134.274, 	 97.573, 	 0.445, 	 1.969, 	 2.414, 	 12.374, 	 136.688, 	 109.947
7, 	 384,	 0.50866,	 15.015, 	 134.323, 	 97.573, 	 0.358, 	 2.030, 	 2.388, 	 12.579, 	 136.710, 	 110.152

7, 	 384,	 0.51241,	 15.158, 	 134.110, 	 97.573, 	 0.863, 	 1.838, 	 2.702, 	 12.139, 	 136.812, 	 109.712
7, 	 384,	 0.51188,	 15.158, 	 134.120, 	 97.573, 	 0.727, 	 1.897, 	 2.623, 	 12.345, 	 136.743, 	 109.918
7, 	 384,	 0.51134,	 15.158, 	 134.137, 	 97.573, 	 0.605, 	 1.903, 	 2.508, 	 12.551, 	 136.645, 	 110.124
7, 	 384,	 0.51081,	 15.158, 	 134.162, 	 97.573, 	 0.498, 	 1.982, 	 2.480, 	 12.757, 	 136.642, 	 110.330
7, 	 384,	 0.51027,	 15.158, 	 134.193, 	 97.573, 	 0.406, 	 2.027, 	 2.433, 	 12.963, 	 136.625, 	 110.536
7, 	 384,	 0.50974,	 15.158, 	 134.230, 	 97.573, 	 0.328, 	 2.039, 	 2.366, 	 13.168, 	 136.596, 	 110.741
7, 	 384,	 0.50920,	 15.158, 	 134.274, 	 97.573, 	 0.262, 	 2.115, 	 2.377, 	 13.374, 	 136.651, 	 110.947
7, 	 384,	 0.50866,	 15.158, 	 134.323, 	 97.573, 	 0.208, 	 2.143, 	 2.352, 	 13.579, 	 136.674, 	 111.152

7, 	 384,	 0.51188,	 15.301, 	 134.120, 	 97.573, 	 0.445, 	 2.041, 	 2.486, 	 13.345, 	 136.606, 	 110.918
7, 	 384,	 0.51134,	 15.301, 	 134.137, 	 97.573, 	 0.365, 	 2.056, 	 2.420, 	 13.551, 	 136.557, 	 111.124
7, 	 384,	 0.51081,	 15.301, 	 134.162, 	 97.573, 	 0.296, 	 2.149, 	 2.444, 	 13.757, 	 136.606, 	 111.330
7, 	 384,	 0.51027,	 15.301, 	 134.193, 	 97.573, 	 0.238, 	 2.138, 	 2.376, 	 13.963, 	 136.569, 	 111.536

7, 	 384,	 0.51295,	 15.444, 	 134.108, 	 97.573, 	 0.390, 	 2.004, 	 2.394, 	 13.932, 	 136.502, 	 111.505
7, 	 384,	 0.51241,	 15.444, 	 134.110, 	 97.573, 	 0.322, 	 2.038, 	 2.360, 	 14.139, 	 136.470, 	 111.711
7, 	 384,	 0.51188,	 15.444, 	 134.120, 	 97.573, 	 0.262, 	 2.074, 	 2.336, 	 14.345, 	 136.457, 	 111.918
7, 	 384,	 0.51134,	 15.444, 	 134.137, 	 97.573, 	 0.212, 	 2.172, 	 2.385, 	 14.551, 	 136.522, 	 112.124
7, 	 384,	 0.51081,	 15.444, 	 134.162, 	 97.573, 	 0.171, 	 2.294, 	 2.464, 	 14.757, 	 136.626, 	 112.330

7, 	 384,	 0.51454,	 15.587, 	 134.145, 	 97.573, 	 0.402, 	 2.120, 	 2.522, 	 14.312, 	 136.668, 	 111.885
7, 	 384,	 0.51401,	 15.587, 	 134.125, 	 97.573, 	 0.336, 	 2.059, 	 2.395, 	 14.519, 	 136.520, 	 112.092
7, 	 384,	 0.51348,	 15.587, 	 134.113, 	 97.573, 	 0.278, 	 2.162, 	 2.441, 	 14.726, 	 136.553, 	 112.298
7, 	 384,	 0.51295,	 15.587, 	 134.108, 	 97.573, 	 0.228, 	 2.202, 	 2.430, 	 14.932, 	 136.538, 	 112.505

7, 	 384,	 0.51560,	 15.730, 	 134.207, 	 97.573, 	 0.337, 	 2.163, 	 2.500, 	 14.897, 	 136.707, 	 112.470
7, 	 384,	 0.51507,	 15.730, 	 134.173, 	 97.573, 	 0.283, 	 2.188, 	 2.471, 	 15.105, 	 136.644, 	 112.678
7, 	 384,	 0.51454,	 15.730, 	 134.145, 	 97.573, 	 0.236, 	 2.254, 	 2.489, 	 15.312, 	 136.635, 	 112.885
7, 	 384,	 0.51401,	 15.730, 	 134.125, 	 97.573, 	 0.195, 	 2.255, 	 2.450, 	 15.519, 	 136.575, 	 113.092
7, 	 384,	 0.51348,	 15.730, 	 134.113, 	 97.573, 	 0.160, 	 2.341, 	 2.501, 	 15.726, 	 136.614, 	 113.298
7, 	 384,	 0.51295,	 15.730, 	 134.108, 	 97.573, 	 0.131, 	 2.347, 	 2.477, 	 15.932, 	 136.585, 	 113.505

7, 	 384,	 0.51560,	 15.873, 	 134.207, 	 97.573, 	 0.196, 	 2.235, 	 2.431, 	 15.897, 	 136.638, 	 113.470
7, 	 384,	 0.51507,	 15.873, 	 134.173, 	 97.573, 	 0.163, 	 2.334, 	 2.497, 	 16.105, 	 136.670, 	 113.678
7, 	 384,	 0.51454,	 15.873, 	 134.145, 	 97.573, 	 0.135, 	 2.318, 	 2.452, 	 16.312, 	 136.598, 	 113.885
7, 	 384,	 0.51401,	 15.873, 	 134.125, 	 97.573, 	 0.111, 	 2.407, 	 2.518, 	 16.519, 	 136.644, 	 114.092
7, 	 384,	 0.51348,	 15.873, 	 134.113, 	 97.573, 	 0.091, 	 2.483, 	 2.574, 	 16.725, 	 136.687, 	 114.298

7, 	 384,	 0.51613,	 16.015, 	 134.249, 	 97.573, 	 0.134, 	 2.399, 	 2.533, 	 16.690, 	 136.781, 	 114.263
7, 	 384,	 0.51560,	 16.015, 	 134.207, 	 97.573, 	 0.111, 	 2.437, 	 2.549, 	 16.897, 	 136.756, 	 114.470
7, 	 384,	 0.51507,	 16.015, 	 134.173, 	 97.573, 	 0.092, 	 2.501, 	 2.593, 	 17.105, 	 136.766, 	 114.678
7, 	 384,	 0.51454,	 16.015, 	 134.145, 	 97.573, 	 0.076, 	 2.531, 	 2.607, 	 17.312, 	 136.752, 	 114.885
7, 	 384,	 0.51401,	 16.015, 	 134.125, 	 97.573, 	 0.062, 	 2.576, 	 2.639, 	 17.519, 	 136.764, 	 115.092
7, 	 384,	 0.51348,	 16.015, 	 134.113, 	 97.573, 	 0.051, 	 2.556, 	 2.607, 	 17.725, 	 136.720, 	 115.298
7, 	 384,	 0.51295,	 16.015, 	 134.108, 	 97.573, 	 0.041, 	 2.662, 	 2.704, 	 17.932, 	 136.811, 	 115.505
7, 	 384,	 0.51241,	 16.015, 	 134.110, 	 97.573, 	 0.033, 	 2.669, 	 2.702, 	 18.139, 	 136.813, 	 115.711

7, 	 384,	 0.51507,	 16.158, 	 134.173, 	 97.573, 	 0.052, 	 2.589, 	 2.641, 	 18.105, 	 136.814, 	 115.678
7, 	 384,	 0.51454,	 16.158, 	 134.145, 	 97.573, 	 0.042, 	 2.631, 	 2.673, 	 18.312, 	 136.819, 	 115.885
7, 	 384,	 0.51401,	 16.158, 	 134.125, 	 97.573, 	 0.035, 	 2.643, 	 2.677, 	 18.519, 	 136.803, 	 116.092
7, 	 384,	 0.51348,	 16.158, 	 134.113, 	 97.573, 	 0.028, 	 2.793, 	 2.821, 	 18.725, 	 136.934, 	 116.298
7, 	 384,	 0.51295,	 16.158, 	 134.108, 	 97.573, 	 0.023, 	 2.799, 	 2.822, 	 18.932, 	 136.930, 	 116.505

7, 	 384,	 0.51560,	 16.301, 	 134.207, 	 97.573, 	 0.035, 	 2.677, 	 2.712, 	 18.897, 	 136.919, 	 116.470
7, 	 384,	 0.51507,	 16.301, 	 134.173, 	 97.573, 	 0.029, 	 2.748, 	 2.777, 	 19.105, 	 136.949, 	 116.678
7, 	 384,	 0.51454,	 16.301, 	 134.145, 	 97.573, 	 0.024, 	 2.892, 	 2.915, 	 19.312, 	 137.061, 	 116.885

7, 	 384,	 0.51719,	 16.444, 	 134.351, 	 97.573, 	 0.034, 	 2.753, 	 2.787, 	 19.275, 	 137.138, 	 116.848
7, 	 384,	 0.51666,	 16.444, 	 134.297, 	 97.573, 	 0.028, 	 2.816, 	 2.844, 	 19.482, 	 137.140, 	 117.055
7, 	 384,	 0.51613,	 16.444, 	 134.249, 	 97.573, 	 0.023, 	 2.786, 	 2.809, 	 19.690, 	 137.058, 	 117.263
7, 	 384,	 0.51560,	 16.444, 	 134.207, 	 97.573, 	 0.019, 	 2.871, 	 2.890, 	 19.897, 	 137.097, 	 117.470
7, 	 384,	 0.51507,	 16.444, 	 134.173, 	 97.573, 	 0.016, 	 2.894, 	 2.910, 	 20.105, 	 137.083, 	 117.678

7, 	 384,	 0.51772,	 16.587, 	 134.411, 	 97.573, 	 0.022, 	 2.854, 	 2.876, 	 20.067, 	 137.287, 	 117.640
7, 	 384,	 0.51719,	 16.587, 	 134.351, 	 97.573, 	 0.019, 	 2.923, 	 2.942, 	 20.275, 	 137.293, 	 117.848
7, 	 384,	 0.51666,	 16.587, 	 134.297, 	 97.573, 	 0.016, 	 2.917, 	 2.933, 	 20.482, 	 137.230, 	 118.055
7, 	 384,	 0.51613,	 16.587, 	 134.249, 	 97.573, 	 0.013, 	 2.967, 	 2.980, 	 20.690, 	 137.229, 	 118.263
7, 	 384,	 0.51560,	 16.587, 	 134.207, 	 97.573, 	 0.011, 	 3.076, 	 3.087, 	 20.897, 	 137.294, 	 118.470
7, 	 384,	 0.51507,	 16.587, 	 134.173, 	 97.573, 	 0.009, 	 3.065, 	 3.074, 	 21.105, 	 137.247, 	 118.678

7, 	 384,	 0.51772,	 16.730, 	 134.411, 	 97.573, 	 0.012, 	 3.029, 	 3.042, 	 21.067, 	 137.452, 	 118.640
7, 	 384,	 0.51719,	 16.730, 	 134.351, 	 97.573, 	 0.010, 	 3.063, 	 3.073, 	 21.275, 	 137.424, 	 118.848
7, 	 384,	 0.51666,	 16.730, 	 134.297, 	 97.573, 	 0.009, 	 3.170, 	 3.179, 	 21.482, 	 137.476, 	 119.055
7, 	 384,	 0.51613,	 16.730, 	 134.249, 	 97.573, 	 0.007, 	 3.308, 	 3.316, 	 21.690, 	 137.564, 	 119.263

7, 	 384,	 0.51878,	 16.873, 	 134.546, 	 97.573, 	 0.010, 	 3.057, 	 3.067, 	 21.650, 	 137.613, 	 119.223
7, 	 384,	 0.51825,	 16.873, 	 134.476, 	 97.573, 	 0.008, 	 3.153, 	 3.161, 	 21.859, 	 137.637, 	 119.432
7, 	 384,	 0.51772,	 16.873, 	 134.411, 	 97.573, 	 0.007, 	 3.212, 	 3.219, 	 22.067, 	 137.630, 	 119.640

7, 	 384,	 0.52036,	 17.015, 	 134.783, 	 97.573, 	 0.009, 	 3.121, 	 3.130, 	 22.025, 	 137.914, 	 119.598
7, 	 384,	 0.51983,	 17.015, 	 134.701, 	 97.573, 	 0.007, 	 3.089, 	 3.097, 	 22.234, 	 137.797, 	 119.806
7, 	 384,	 0.51931,	 17.015, 	 134.621, 	 97.573, 	 0.006, 	 3.237, 	 3.243, 	 22.442, 	 137.865, 	 120.015
7, 	 384,	 0.51878,	 17.015, 	 134.546, 	 97.573, 	 0.005, 	 3.231, 	 3.237, 	 22.650, 	 137.783, 	 120.223
7, 	 384,	 0.51825,	 17.015, 	 134.476, 	 97.573, 	 0.004, 	 3.317, 	 3.321, 	 22.859, 	 137.797, 	 120.432
7, 	 384,	 0.51772,	 17.015, 	 134.411, 	 97.573, 	 0.004, 	 3.442, 	 3.446, 	 23.067, 	 137.857, 	 120.640

7, 	 384,	 0.52036,	 17.158, 	 134.783, 	 97.573, 	 0.005, 	 3.319, 	 3.324, 	 23.025, 	 138.107, 	 120.598
7, 	 384,	 0.51983,	 17.158, 	 134.701, 	 97.573, 	 0.004, 	 3.448, 	 3.452, 	 23.234, 	 138.153, 	 120.806
7, 	 384,	 0.51931,	 17.158, 	 134.621, 	 97.573, 	 0.003, 	 3.408, 	 3.412, 	 23.442, 	 138.033, 	 121.015
7, 	 384,	 0.51878,	 17.158, 	 134.546, 	 97.573, 	 0.003, 	 3.387, 	 3.390, 	 23.650, 	 137.936, 	 121.223
7, 	 384,	 0.51825,	 17.158, 	 134.476, 	 97.573, 	 0.002, 	 3.589, 	 3.591, 	 23.859, 	 138.067, 	 121.432
7, 	 384,	 0.51772,	 17.158, 	 134.411, 	 97.573, 	 0.002, 	 3.551, 	 3.553, 	 24.067, 	 137.964, 	 121.640

